    0.0101374654
    0.0035202342
    0.0082324298
    0.0098633076
    0.0102851900
   -0.0032635695
    0.0052259669
    0.0087337029
    0.0099411743
    0.0099421650
    0.0095801150
    0.0024111507
    0.0055855815
    0.0089808708
    0.0102639752
    0.0099256208
    0.0086431848
    0.0064749692
    0.0079180650
    0.0092608578
    0.0100105660
    0.0088622135
    0.0072236230
    0.0078349918
    0.0090103077
    0.0090103077
    0.0079180650
    0.0092608578
    0.0100105660
    0.0088622135
    0.0072236230
    0.0078349918
    0.0024111507
    0.0055855815
    0.0089808708
    0.0102639752
    0.0099256208
    0.0086431848
    0.0064749692
   -0.0032635695
    0.0052259669
    0.0087337029
    0.0099411743
    0.0099421650
    0.0095801150
    0.0035202342
    0.0082324298
    0.0098633076
    0.0102851900
    0.0058291533
    0.0008963268
    0.0085560635
    0.0062954571
    0.0018443519
   -0.0080548886
    0.0090231634
    0.0077728169
    0.0055107865
    0.0001825482
   -0.0121088818
    0.0090231634
    0.0077728169
    0.0055107865
    0.0001825482
   -0.0121088818
    0.0085560635
    0.0062954571
    0.0018443519
   -0.0080548886
    0.0058291533
    0.0008963268
    0.0051446461
    0.0043642803
   -0.0058615852
   -0.0027924031
    0.0043642803
   -0.0058615852
   -0.0027924031
    0.0051446461
    0.0023146155
   -0.0045801253
   -0.0026949576
   -0.0097333087
   -0.0095447633
   -0.0118936932
   -0.0095447633
   -0.0118936932
   -0.0026949576
   -0.0097333087
   -0.0045801253
    0.0023146155
    0.0060945127
    0.0109102847
    0.0023159888
    0.0022287565
    0.0094731907
    0.0155224149
    0.0076613016
    0.0066195264
    0.0156200605
    0.0180735992
    0.0117337621
   -0.0035758888
    0.0130965014
    0.0188260307
    0.0180735992
    0.0117337621
   -0.0035758888
    0.0130965014
    0.0188260307
    0.0155224149
    0.0076613016
    0.0066195264
    0.0156200605
    0.0109102847
    0.0023159888
    0.0022287565
    0.0094731907
    0.0060945127
   -0.0099007202
   -0.0127922777
   -0.0223100512
   -0.0190705447
   -0.0215117224
   -0.0291376451
   -0.0299402494
   -0.0260225050
   -0.0136846948
   -0.0277376716
   -0.0330884585
   -0.0334793987
   -0.0312879115
   -0.0243910493
   -0.0277376716
   -0.0330884585
   -0.0334793987
   -0.0312879115
   -0.0243910493
   -0.0215117224
   -0.0291376451
   -0.0299402494
   -0.0260225050
   -0.0136846948
   -0.0127922777
   -0.0223100512
   -0.0190705447
   -0.0099007202
    0.0085448078
    0.0085448078
   -0.0000357263
    0.0050328869
    0.0073099001
    0.0082504212
    0.0084965078
   -0.0014882513
    0.0039585328
    0.0068254111
    0.0080801428
    0.0083438798
    0.0080420415
    0.0030039079
    0.0045388205
    0.0068208241
    0.0080565827
    0.0082009896
    0.0075288661
    0.0061480185
    0.0037233098
    0.0060967638
    0.0071771851
    0.0078004836
    0.0069361870
    0.0054347379
    0.0056292388
    0.0068762770
    0.0068762770
    0.0060967638
    0.0071771851
    0.0078004836
    0.0069361870
    0.0054347379
    0.0056292388
    0.0030039079
    0.0045388205
    0.0068208241
    0.0080565827
    0.0082009896
    0.0075288661
    0.0061480185
    0.0037233098
   -0.0014882513
    0.0039585328
    0.0068254111
    0.0080801428
    0.0083438798
    0.0080420415
   -0.0000357263
    0.0050328869
    0.0073099001
    0.0082504212
    0.0084965078
    0.0046553522
    0.0004350348
    0.0058933983
    0.0031887417
   -0.0016350207
   -0.0098806422
    0.0067719867
    0.0050730554
    0.0020364151
   -0.0039435480
   -0.0162678853
    0.0078961108
    0.0067129038
    0.0052479937
    0.0026160487
   -0.0023938955
   -0.0123834243
    0.0067719867
    0.0050730554
    0.0020364151
   -0.0039435480
   -0.0162678853
    0.0058933983
    0.0031887417
   -0.0016350207
   -0.0098806422
    0.0046553522
    0.0004350348
    0.0031676980
    0.0028895594
   -0.0043142286
   -0.0023618897
   -0.0067924055
   -0.0067924055
    0.0028895594
   -0.0043142286
   -0.0023618897
    0.0031676980
   -0.0011662001
   -0.0001504398
   -0.0046342685
   -0.0048367379
   -0.0069985223
   -0.0035856370
   -0.0077055505
   -0.0062672166
   -0.0048367379
   -0.0069985223
   -0.0001504398
   -0.0046342685
   -0.0011662001
    0.0042119115
    0.0073682264
    0.0023691479
    0.0058438026
    0.0107147003
    0.0060986298
    0.0052036882
    0.0106804794
    0.0130075048
    0.0088153440
   -0.0011610206
    0.0094141557
    0.0134178009
    0.0138071727
    0.0101143075
    0.0031431015
    0.0034507043
    0.0114586926
    0.0143997425
    0.0130075048
    0.0088153440
   -0.0011610206
    0.0094141557
    0.0134178009
    0.0107147003
    0.0060986298
    0.0052036882
    0.0106804794
    0.0073682264
    0.0023691479
    0.0058438026
    0.0042119115
   -0.0159974881
   -0.0135182113
   -0.0184829996
   -0.0221304682
   -0.0218189213
   -0.0177246161
   -0.0081885027
   -0.0228157364
   -0.0256584531
   -0.0255112152
   -0.0228867941
   -0.0160319762
   -0.0228563331
   -0.0263682468
   -0.0269500522
   -0.0256725370
   -0.0220071706
   -0.0134134744
   -0.0228157364
   -0.0256584531
   -0.0255112152
   -0.0228867941
   -0.0160319762
   -0.0184829996
   -0.0221304682
   -0.0218189213
   -0.0177246161
   -0.0081885027
   -0.0159974881
   -0.0135182113
   -0.0023251919
    0.0070224209
   -0.0013544683
    0.0075987931
    0.0072855541
    0.0070224209
   -0.0023251919
    0.0033870443
    0.0059191414
    0.0070863605
    0.0075407703
    0.0000052933
    0.0038744471
    0.0058743539
    0.0068246732
    0.0071455218
    0.0071237460
    0.0000435692
    0.0032434587
    0.0054040913
    0.0065543410
    0.0069598460
    0.0068461108
    0.0063742052
    0.0030544981
    0.0039980260
    0.0055865825
    0.0065454023
    0.0066878002
    0.0061297478
    0.0048647194
    0.0026915055
    0.0007761460
    0.0048120292
    0.0057150133
    0.0062166025
    0.0055036454
    0.0041482074
    0.0041695239
    0.0053674778
    0.0053674778
    0.0048120292
    0.0057150133
    0.0062166025
    0.0055036454
    0.0041482074
    0.0041695239
    0.0030544981
    0.0039980260
    0.0055865825
    0.0065454023
    0.0066878002
    0.0061297478
    0.0048647194
    0.0026915055
    0.0007761460
    0.0000435692
    0.0032434587
    0.0054040913
    0.0065543410
    0.0069598460
    0.0068461108
    0.0063742052
    0.0000052933
    0.0038744471
    0.0058743539
    0.0068246732
    0.0071455218
    0.0071237460
    0.0033870443
    0.0059191414
    0.0070863605
    0.0075407703
    0.0037933130
    0.0002272098
    0.0048334440
    0.0022624621
   -0.0017954162
   -0.0078579220
    0.0062929327
    0.0047622443
    0.0027344068
   -0.0006427513
   -0.0065829348
    0.0060976033
    0.0048377814
    0.0030213019
   -0.0000499691
   -0.0055123183
    0.0060976033
    0.0048377814
    0.0030213019
   -0.0000499691
   -0.0055123183
    0.0062929327
    0.0047622443
    0.0027344068
   -0.0006427513
   -0.0065829348
    0.0048334440
    0.0022624621
   -0.0017954162
   -0.0078579220
    0.0037933130
    0.0002272098
    0.0020888464
    0.0020445675
   -0.0032083927
   -0.0019118474
   -0.0048654589
   -0.0048654589
    0.0020445675
   -0.0032083927
   -0.0019118474
    0.0020888464
    0.0005546728
    0.0007768295
   -0.0018207897
   -0.0020007250
   -0.0037284407
   -0.0012895797
   -0.0044924800
   -0.0039637600
   -0.0012895797
   -0.0044924800
   -0.0039637600
   -0.0020007250
   -0.0037284407
    0.0007768295
   -0.0018207897
    0.0005546728
    0.0030426452
    0.0051852231
    0.0036862388
    0.0076175766
    0.0045700553
    0.0029354676
    0.0072929112
    0.0095209405
    0.0067935694
    0.0017633002
    0.0000044983
    0.0068703147
    0.0096967667
    0.0105380301
    0.0079513363
    0.0031738870
    0.0027579396
    0.0085948673
    0.0108700162
    0.0105380301
    0.0079513363
    0.0031738870
    0.0027579396
    0.0085948673
    0.0108700162
    0.0095209405
    0.0067935694
    0.0017633002
    0.0000044983
    0.0068703147
    0.0096967667
    0.0076175766
    0.0045700553
    0.0029354676
    0.0072929112
    0.0051852231
    0.0036862388
    0.0030426452
   -0.0117522980
   -0.0098710834
   -0.0136022324
   -0.0166461110
   -0.0164412974
   -0.0130606471
   -0.0059456266
   -0.0141878493
   -0.0185726584
   -0.0200656401
   -0.0194585515
   -0.0166826606
   -0.0106202999
   -0.0193235209
   -0.0213827563
   -0.0214692317
   -0.0199238491
   -0.0161287003
   -0.0082723860
   -0.0193235209
   -0.0213827563
   -0.0214692317
   -0.0199238491
   -0.0161287003
   -0.0082723860
   -0.0141878493
   -0.0185726584
   -0.0200656401
   -0.0194585515
   -0.0166826606
   -0.0106202999
   -0.0136022324
   -0.0166461110
   -0.0164412974
   -0.0130606471
   -0.0059456266
   -0.0117522980
   -0.0098710834
    0.0015583499
   -0.0019136816
    0.0064084946
    0.0060459282
    0.0064084946
    0.0060459282
    0.0015583499
   -0.0019136816
    0.0014647496
    0.0039345630
    0.0053115086
    0.0060306786
    0.0063384366
    0.0000610661
    0.0027875683
    0.0045026959
    0.0054878953
    0.0059630061
    0.0060836230
    0.0059705363
    0.0010102125
    0.0028241536
    0.0043711174
    0.0053468690
    0.0057970208
    0.0058246007
    0.0055109280
    0.0048399042
    0.0028537309
    0.0035214521
    0.0046576822
    0.0054006141
    0.0055165822
    0.0050253791
    0.0038760757
    0.0019831333
    0.0003711531
    0.0038700248
    0.0046428285
    0.0050386914
    0.0044176853
    0.0032103111
    0.0031678935
    0.0042648073
    0.0042648073
    0.0038700248
    0.0046428285
    0.0050386914
    0.0044176853
    0.0032103111
    0.0031678935
    0.0028537309
    0.0035214521
    0.0046576822
    0.0054006141
    0.0055165822
    0.0050253791
    0.0038760757
    0.0019831333
    0.0003711531
    0.0010102125
    0.0028241536
    0.0043711174
    0.0053468690
    0.0057970208
    0.0058246007
    0.0055109280
    0.0048399042
    0.0000610661
    0.0027875683
    0.0045026959
    0.0054878953
    0.0059630061
    0.0060836230
    0.0059705363
    0.0014647496
    0.0039345630
    0.0053115086
    0.0060306786
    0.0063384366
    0.0040227651
    0.0016693295
   -0.0017277197
   -0.0062219709
    0.0045748564
    0.0030197068
    0.0008416066
   -0.0025384171
   -0.0078862289
    0.0050404218
    0.0038669832
    0.0022995096
   -0.0000700557
   -0.0038357659
   -0.0100652328
    0.0054923932
    0.0044738829
    0.0032143190
    0.0013824695
   -0.0014682761
   -0.0060879239
    0.0050404218
    0.0038669832
    0.0022995096
   -0.0000700557
   -0.0038357659
   -0.0100652328
    0.0045748564
    0.0030197068
    0.0008416066
   -0.0025384171
   -0.0078862289
    0.0040227651
    0.0016693295
   -0.0017277197
   -0.0062219709
    0.0014512713
    0.0015133479
   -0.0024272444
   -0.0015307692
   -0.0035782706
   -0.0045324727
   -0.0035782706
   -0.0045324727
    0.0015133479
   -0.0024272444
   -0.0015307692
    0.0014512713
    0.0023783433
    0.0013646215
    0.0012883416
   -0.0001928927
   -0.0006223107
   -0.0015820374
    0.0000738701
   -0.0023133006
   -0.0022117160
    0.0008053241
   -0.0020828483
   -0.0029337743
   -0.0014207933
    0.0000738701
   -0.0023133006
   -0.0022117160
   -0.0006223107
   -0.0015820374
    0.0012883416
   -0.0001928927
    0.0023783433
    0.0013646215
    0.0022739081
    0.0037780172
    0.0023673303
    0.0055632623
    0.0036028179
    0.0015833258
    0.0050654871
    0.0070938488
    0.0053501227
    0.0022023256
    0.0004636198
    0.0050687612
    0.0071083791
    0.0080946268
    0.0064477722
    0.0034795865
   -0.0035281564
    0.0031398497
    0.0067825537
    0.0082821733
    0.0084401487
    0.0068227436
    0.0039219853
   -0.0022892610
    0.0039486019
    0.0073172624
    0.0086726066
    0.0080946268
    0.0064477722
    0.0034795865
   -0.0035281564
    0.0031398497
    0.0067825537
    0.0082821733
    0.0070938488
    0.0053501227
    0.0022023256
    0.0004636198
    0.0050687612
    0.0071083791
    0.0055632623
    0.0036028179
    0.0015833258
    0.0050654871
    0.0037780172
    0.0023673303
    0.0022739081
   -0.0088320855
   -0.0074032481
   -0.0102498065
   -0.0127441589
   -0.0126040019
   -0.0098719641
   -0.0045336231
   -0.0107819508
   -0.0143941763
   -0.0157438063
   -0.0152518988
   -0.0128653809
   -0.0079759451
   -0.0130878207
   -0.0161938271
   -0.0173625729
   -0.0170839816
   -0.0153899180
   -0.0117729669
   -0.0127393356
   -0.0161560714
   -0.0176902249
   -0.0178973493
   -0.0169706822
   -0.0147035145
   -0.0104233431
   -0.0130878207
   -0.0161938271
   -0.0173625729
   -0.0170839816
   -0.0153899180
   -0.0117729669
   -0.0107819508
   -0.0143941763
   -0.0157438063
   -0.0152518988
   -0.0128653809
   -0.0079759451
   -0.0102498065
   -0.0127441589
   -0.0126040019
   -0.0098719641
   -0.0045336231
   -0.0088320855
   -0.0074032481
