    0.0001186054
    0.0099559157
    0.0086526569
    0.0100510137
    0.0083372769
    0.0046665414
    0.0054031127
    0.0085615296
    0.0097766824
    0.0102503255
    0.0094548994
    0.0067166633
   -0.0002686019
    0.0078384768
    0.0078264682
    0.0087548074
    0.0098845644
    0.0099582817
    0.0098353683
    0.0088981607
    0.0048166202
    0.0063367497
    0.0083002493
    0.0094888228
    0.0091586981
    0.0063933341
   -0.0014938041
    0.0101799985
    0.0098801267
    0.0092861090
    0.0070525744
    0.0009560278
    0.0097755351
    0.0101573943
    0.0101770800
    0.0089255928
    0.0057696523
    0.0091471232
    0.0099072284
    0.0098304118
    0.0084539169
    0.0077902609
    0.0079457168
    0.0087470356
    0.0079075357
    0.0055209380
    0.0063277096
    0.0013808537
    0.0054214649
    0.0083832699
    0.0091352536
   -0.0092473051
    0.0008853819
    0.0056364465
    0.0079018261
    0.0084484674
    0.0096993464
   -0.0152313850
   -0.0011186093
    0.0048290772
    0.0073933685
    0.0072768236
    0.0084554802
   -0.0119282487
    0.0005710918
    0.0055552083
    0.0047746445
    0.0053734666
    0.0018857347
   -0.0112161023
   -0.0086877459
    0.0009857009
   -0.0002261910
    0.0046759745
    0.0008293819
    0.0006615644
   -0.0054464393
    0.0054566808
    0.0017462302
    0.0021389917
   -0.0046891205
   -0.0063861484
   -0.0045235394
   -0.0108483955
   -0.0051110736
    0.0008933461
   -0.0006114097
   -0.0125144766
   -0.0084189546
   -0.0076326575
   -0.0116546488
   -0.0055335602
   -0.0080832237
   -0.0035548923
   -0.0009597830
    0.0021685491
    0.0067409682
    0.0121909500
    0.0087621226
    0.0070134992
    0.0156908734
    0.0175147563
    0.0137786961
    0.0072307903
    0.0098130748
    0.0172670833
    0.0195329466
    0.0170242251
    0.0094758265
   -0.0025939647
    0.0103653407
    0.0168500550
    0.0180333693
    0.0134831212
    0.0007649326
    0.0091538986
    0.0138572699
    0.0106478169
   -0.0057255809
    0.0071294486
    0.0019551807
   -0.0068378371
   -0.0181390763
   -0.0186796662
   -0.0117274848
   -0.0227950648
   -0.0276401954
   -0.0280477961
   -0.0249151289
   -0.0203976762
   -0.0291114445
   -0.0322633780
   -0.0328258999
   -0.0307456407
   -0.0226143512
   -0.0109166465
   -0.0216006245
   -0.0296831630
   -0.0332681742
   -0.0340039712
   -0.0309215311
   -0.0197013913
   -0.0138837849
   -0.0188092213
   -0.0273401453
   -0.0316799658
   -0.0293361703
   -0.0255123646
    0.0085674715
    0.0089034277
    0.0066084976
    0.0078425115
    0.0064768653
    0.0037369233
    0.0041948916
    0.0064973372
    0.0075934835
    0.0082977455
    0.0077285765
    0.0059123382
    0.0018968884
    0.0033880635
    0.0056844864
    0.0062565894
    0.0072385064
    0.0080587777
    0.0083486246
    0.0081870465
    0.0072881510
    0.0046798535
   -0.0023692560
    0.0039504782
    0.0055945855
    0.0070850078
    0.0079929331
    0.0085108430
    0.0087594876
    0.0081371350
    0.0054879719
    0.0002994351
    0.0082465706
    0.0073282487
    0.0053554156
    0.0007356499
    0.0085108430
    0.0083616069
    0.0081476001
    0.0073533490
    0.0054752970
    0.0016699340
    0.0080622758
    0.0082301332
    0.0082143675
    0.0075021477
    0.0058548448
    0.0035748571
    0.0072986478
    0.0077023138
    0.0076442730
    0.0068165279
    0.0057021234
    0.0060281881
    0.0065173886
    0.0055291280
    0.0024473035
    0.0042671218
    0.0082437397
   -0.0040065185
    0.0017574999
    0.0049834147
    0.0068773851
    0.0074022343
   -0.0149930023
   -0.0036685895
    0.0018460312
    0.0047846004
    0.0063904414
    0.0066221180
    0.0077904854
   -0.0109969833
   -0.0013968331
    0.0031951106
    0.0054510445
    0.0053061409
    0.0064345266
   -0.0079392695
   -0.0000991968
    0.0036176226
    0.0029302590
    0.0035784785
   -0.0101283940
   -0.0083755136
   -0.0006375356
   -0.0013969546
    0.0032685425
    0.0005203891
    0.0021644483
   -0.0057554019
    0.0039522944
    0.0005233951
   -0.0056016584
   -0.0004198539
   -0.0055195595
   -0.0031280382
   -0.0061294456
   -0.0028138814
    0.0011726644
    0.0004922850
   -0.0073832272
   -0.0064105010
   -0.0002417127
   -0.0042210820
   -0.0076350474
   -0.0051385897
   -0.0043584430
   -0.0056988519
   -0.0012151936
   -0.0018086065
   -0.0017767377
    0.0012144982
    0.0017274719
    0.0044511218
    0.0082677325
    0.0059621409
    0.0018962698
    0.0091852590
    0.0122190168
    0.0115098843
    0.0079982097
    0.0041952274
    0.0042976814
    0.0109319114
    0.0140053443
    0.0138825261
    0.0106633398
    0.0046170872
   -0.0022598591
    0.0080110684
    0.0125658067
    0.0142679346
    0.0131220901
    0.0087454803
    0.0002686076
    0.0056871637
    0.0106668986
    0.0122838701
    0.0100117361
    0.0024498593
    0.0050479931
    0.0082164939
    0.0073519348
   -0.0002324343
    0.0032599500
   -0.0022366745
   -0.0065743281
   -0.0118201760
   -0.0108377406
   -0.0164166901
   -0.0194784864
   -0.0190422046
   -0.0152385379
   -0.0146822420
   -0.0212012667
   -0.0238764509
   -0.0243516400
   -0.0228714677
   -0.0183490105
   -0.0123640263
   -0.0204587884
   -0.0247910735
   -0.0265077444
   -0.0263912611
   -0.0238081104
   -0.0078449613
   -0.0140583333
   -0.0204828666
   -0.0247563762
   -0.0266064560
   -0.0262669852
   -0.0228235429
   -0.0153794218
   -0.0115737253
   -0.0150008877
   -0.0211653516
   -0.0244658950
   -0.0223222032
   -0.0196531028
   -0.0003060212
   -0.0026489524
    0.0071417963
    0.0052362706
    0.0062810581
    0.0052007809
    0.0031709637
    0.0034583509
    0.0051018895
    0.0060475466
    0.0068063855
    0.0063242759
    0.0048273463
    0.0018158446
    0.0027035236
    0.0043199005
    0.0050018456
    0.0058938660
    0.0066002358
    0.0070214285
    0.0068701036
    0.0061371850
    0.0043058472
    0.0002372027
    0.0027631620
    0.0036037710
    0.0049450644
    0.0060594714
    0.0067499119
    0.0071901102
    0.0072969190
    0.0071186845
    0.0025461629
    0.0047699904
    0.0061191212
    0.0068413169
    0.0045093794
   -0.0000978311
    0.0071932399
    0.0061487742
    0.0044468082
    0.0010820367
    0.0071645300
    0.0067272100
    0.0058873057
    0.0042224354
    0.0010048968
    0.0071593898
    0.0070468551
    0.0068947822
    0.0063886586
    0.0052771754
    0.0033166803
    0.0066453777
    0.0067309295
    0.0066948844
    0.0062481220
    0.0052767537
    0.0039654532
    0.0058135070
    0.0061019195
    0.0059744582
    0.0052539963
    0.0041261932
    0.0045360780
    0.0048925454
    0.0038182945
    0.0027639637
   -0.0011807620
    0.0023793848
    0.0047006439
    0.0063074480
    0.0066763368
   -0.0085917461
   -0.0017727925
    0.0020087974
    0.0042451270
    0.0056440400
    0.0060080009
   -0.0119359600
   -0.0034580405
    0.0010137014
    0.0035382530
    0.0050175274
    0.0051717354
    0.0062184130
   -0.0080310254
   -0.0014627342
    0.0020701347
    0.0040142973
    0.0038461597
    0.0049339717
   -0.0077691638
   -0.0012508471
    0.0021347216
    0.0016649637
    0.0022439653
   -0.0088734437
   -0.0077080680
   -0.0015457450
   -0.0020339801
    0.0026065264
    0.0009119263
    0.0020888464
   -0.0026788705
   -0.0050311160
   -0.0028620325
   -0.0056653596
    0.0023781456
    0.0020888464
   -0.0008816401
   -0.0016342070
   -0.0054650832
   -0.0012304055
   -0.0032577493
   -0.0012995140
    0.0013870928
    0.0011455349
   -0.0043046165
   -0.0038078416
    0.0001444736
   -0.0018634280
   -0.0047076787
   -0.0039510539
    0.0001429597
   -0.0025064836
   -0.0040490002
   -0.0017917485
   -0.0022941883
   -0.0006977443
    0.0000935153
    0.0032444284
    0.0058982014
    0.0043314073
    0.0013896347
    0.0065565360
    0.0088163386
    0.0083080695
    0.0057866827
    0.0031541166
    0.0066520502
    0.0097575903
    0.0106831418
    0.0095287333
    0.0064641587
    0.0021468081
    0.0044735144
    0.0086389045
    0.0107971010
    0.0109800789
    0.0091050350
    0.0049638767
   -0.0016260061
    0.0048930789
    0.0085255983
    0.0102132510
    0.0097964415
    0.0069404643
    0.0009243183
    0.0033928867
    0.0067170296
    0.0082264234
    0.0072209516
    0.0028595740
   -0.0066340637
    0.0036220252
    0.0050569456
    0.0035358715
   -0.0033904936
    0.0008006023
   -0.0072316406
   -0.0064427001
   -0.0120045388
   -0.0136648003
   -0.0126212501
   -0.0088138507
   -0.0113282440
   -0.0160328437
   -0.0178768684
   -0.0177972374
   -0.0158134691
   -0.0111822127
   -0.0092727273
   -0.0156838853
   -0.0191244635
   -0.0205571816
   -0.0205026849
   -0.0187950763
   -0.0145529916
   -0.0079285593
   -0.0140964234
   -0.0185117983
   -0.0209368800
   -0.0217807448
   -0.0211334601
   -0.0184383999
   -0.0072281706
   -0.0116697749
   -0.0163800115
   -0.0197547955
   -0.0212603549
   -0.0208243618
   -0.0179356997
   -0.0122790016
   -0.0096402911
   -0.0121522451
   -0.0167539440
   -0.0192792229
   -0.0174443606
   -0.0154910231
   -0.0005109417
    0.0023396062
    0.0062271163
    0.0064593919
    0.0059163217
    0.0060080517
   -0.0002735579
   -0.0019038030
    0.0042755086
    0.0051409697
    0.0042931625
    0.0027890357
    0.0029644360
    0.0041265819
    0.0049210827
    0.0056565556
    0.0052550512
    0.0040401911
    0.0018063838
    0.0023653194
    0.0034381892
    0.0040733634
    0.0048588835
    0.0054721368
    0.0059388221
    0.0058124132
    0.0052434132
    0.0039570543
    0.0014647488
    0.0024306565
    0.0033110801
    0.0043540855
    0.0051965144
    0.0057277966
    0.0061324884
    0.0061816154
    0.0059678054
    0.0052834850
    0.0011772425
    0.0030191840
    0.0044058202
    0.0053198436
    0.0058615487
    0.0053765371
    0.0039280225
    0.0014647488
    0.0063252208
    0.0058186335
    0.0050897274
    0.0038840222
    0.0018246301
    0.0061830007
    0.0059438979
    0.0055270277
    0.0047726412
    0.0035063042
    0.0015046682
    0.0060185785
    0.0059472619
    0.0058509335
    0.0055648133
    0.0049703173
    0.0039944454
    0.0026705732
    0.0054579698
    0.0055360986
    0.0055009131
    0.0051979081
    0.0045640784
    0.0036830319
    0.0046048807
    0.0048646057
    0.0047124229
    0.0040534854
    0.0028867595
    0.0033648367
    0.0036663963
    0.0025717017
    0.0016692890
    0.0027751142
    0.0045295329
   -0.0034140277
    0.0001855503
    0.0025117210
    0.0040775932
    0.0052011808
    0.0054923931
   -0.0043909778
   -0.0004591924
    0.0019879489
    0.0035723400
    0.0046520044
    0.0048666699
    0.0057298960
   -0.0071810293
   -0.0021433221
    0.0008821933
    0.0027665895
    0.0039845579
    0.0040199342
    0.0049294515
   -0.0060879238
   -0.0014576057
    0.0012884096
    0.0029454463
    0.0027479880
    0.0037331839
   -0.0072691202
   -0.0019061568
    0.0011133342
    0.0007832102
    0.0012665572
   -0.0069498464
   -0.0020371579
   -0.0023535591
    0.0022432305
    0.0010663241
    0.0019436207
   -0.0020418962
   -0.0026066976
   -0.0006320283
   -0.0062309631
    0.0017697556
    0.0010612231
    0.0008758207
   -0.0016136979
   -0.0021725501
   -0.0050818715
   -0.0001193309
   -0.0014941753
   -0.0003241060
    0.0018121853
    0.0015053106
    0.0014895406
   -0.0023147195
   -0.0021010258
    0.0004877083
   -0.0028203247
   -0.0023503190
    0.0004473474
   -0.0026231543
   -0.0016297886
   -0.0009645106
   -0.0015749431
    0.0001590247
    0.0001948138
    0.0001423892
    0.0013351101
    0.0025751617
    0.0044145035
    0.0033348474
    0.0048830795
    0.0065521360
    0.0061703255
    0.0043322149
    0.0024993818
    0.0039299153
    0.0066808231
    0.0079873005
    0.0078591140
    0.0063868790
    0.0038512830
    0.0010339053
    0.0047984765
    0.0072993543
    0.0085687783
    0.0085850398
    0.0073136962
    0.0047174692
    0.0008556864
    0.0041984803
    0.0067760468
    0.0082155861
    0.0084315197
    0.0073172630
    0.0046903389
    0.0002676617
    0.0023232926
    0.0050310207
    0.0068319208
    0.0074037831
    0.0065225401
    0.0038750829
   -0.0010847070
    0.0023948035
    0.0042910817
    0.0054363944
    0.0050475938
    0.0025215426
   -0.0030304447
    0.0024591968
    0.0029009838
    0.0010866320
   -0.0079350600
   -0.0095057814
   -0.0086591052
   -0.0090570595
   -0.0122384912
   -0.0133422350
   -0.0128373965
   -0.0106691529
   -0.0072080250
   -0.0119814656
   -0.0146620063
   -0.0158605352
   -0.0158990257
   -0.0147709851
   -0.0121518031
   -0.0058289105
   -0.0112338472
   -0.0148196466
   -0.0167974030
   -0.0175167983
   -0.0170936805
   -0.0152902597
   -0.0033643215
   -0.0074364597
   -0.0118674300
   -0.0152691935
   -0.0172611754
   -0.0179486364
   -0.0173250851
   -0.0150443951
   -0.0064730044
   -0.0097936242
   -0.0133593811
   -0.0160317939
   -0.0172379131
   -0.0167895567
   -0.0144027559
   -0.0100024629
   -0.0080888800
   -0.0099975062
   -0.0135226484
   -0.0154770525
   -0.0139437255
   -0.0124630233
