   0.9007522253   -2.3550340454    1.0623226021
   4.1246790900    0.0536291864    0.0389638847
   1.7552161300   -0.0057164435    3.4219684457
   2.7724827629   -0.0057164435    3.1897839750
   2.2638494465    0.8752623030    3.1897839750
   1.2465828135    0.8752623030    3.1897839750
   0.7379494971   -0.0057164435    3.1897839750
   1.2465828135   -0.8866951900    3.1897839750
   2.2638494465   -0.8866951900    3.1897839750
   3.5882672633   -0.0057164435    2.5392175449
   3.2381856484    1.0717239793    2.5392175449
   2.3216600817    1.7376187815    2.5392175449
   1.1887721783    1.7376187815    2.5392175449
   0.2722466116   -1.0831568663    2.5392175449
   1.1887721783   -1.7490516685    2.5392175449
   2.3216600817   -1.7490516685    2.5392175449
   3.2381856484   -1.0831568663    2.5392175449
   4.0409935058   -0.0057164435    1.5991218156
   3.7791714807    1.0565372691    1.5991218156
   3.0536856760    1.8754414578    1.5991218156
   0.9446683019   -2.1429554170    1.5991218156
   2.0307361467   -2.2748279286    1.5991218156
   3.0536856760   -1.8868743448    1.5991218156
   3.7791714807   -1.0679701561    1.5991218156
   3.2381856484    2.1003498872    1.1234354424
   2.3216600817    2.7662446893    1.1234354424
   1.1887721783    2.7662446893    1.1234354424
   4.0409935058    1.0229094643    0.1833397131
   3.7791714807    2.0851631770    0.1833397131
   3.0536856760    2.9040673656    0.1833397131
   2.0307361467    3.2920209495    0.1833397131
   0.9446683019    3.1601484378    0.1833397131
   4.0409935058    1.0229094643   -0.8600878268
   3.7791714807    2.0851631770   -0.8600878268
   3.0536856760    2.9040673656   -0.8600878268
   2.0307361467    3.2920209495   -0.8600878268
   0.9446683019    3.1601484378   -0.8600878268
   3.5882672633    1.0229094643   -1.8001835561
   3.2381856484    2.1003498872   -1.8001835561
   2.3216600817    2.7662446893   -1.8001835561
   1.1887721783    2.7662446893   -1.8001835561
   0.2722466116    2.1003498872   -1.8001835561
   2.7724827629    1.0229094643   -2.4507499861
   2.2638494465    1.9038882109   -2.4507499861
   1.2465828135    1.9038882109   -2.4507499861
   0.7379494971    1.0229094643   -2.4507499861
   1.7552161300    1.0229094643   -2.6829344568
   1.3552884883   -2.4753815092    0.9299467413
   2.4881763917   -2.4753815092    0.9299467413
   3.4047019584   -1.8094867071    0.9299467413
   4.2075098158   -0.7320462842   -0.0101489880
   1.1111846119   -2.8692852577   -0.0101489880
   2.1972524567   -3.0011577694   -0.0101489880
   3.2202019860   -2.6132041855   -0.0101489880
   3.9456877907   -1.7942999969   -0.0101489880
   4.2075098158   -0.7320462842   -1.0535765279
   3.9456877907    0.3302074284   -1.0535765279
   1.1111846119   -2.8692852577   -1.0535765279
   2.1972524567   -3.0011577694   -1.0535765279
   3.2202019860   -2.6132041855   -1.0535765279
   3.9456877907   -1.7942999969   -1.0535765279
   3.7547835733   -0.7320462842   -1.9936722572
   3.4047019584    0.3453941386   -1.9936722572
   1.3552884883   -2.4753815092   -1.9936722572
   2.4881763917   -2.4753815092   -1.9936722572
   3.4047019584   -1.8094867071   -1.9936722572
   2.9389990729   -0.7320462842   -2.6442386873
   2.4303657565    0.1489324623   -2.6442386873
   1.4130991235    0.1489324623   -2.6442386873
   0.9044658071   -0.7320462842   -2.6442386873
   1.4130991235   -1.6130250308   -2.6442386873
   2.4303657565   -1.6130250308   -2.6442386873
   1.9217324400   -0.7320462842   -2.8764231580
  -0.5540105787   -0.9659377884    2.4127133035
  -1.2806207062   -1.5087453892    1.8330271556
  -0.3114372434   -1.9513566461    1.8330271556
   0.5074304447   -2.4883463737    0.9654655261
  -0.3114372434    1.7919903624   -1.9488135383
  -1.2806207062    1.3493791055   -1.9488135383
   0.4693481387    0.8065715046   -2.5284996862
  -0.5540105787    0.8065715046   -2.5284996862
  -0.6706481700    0.8706714919    3.0329274668
   0.3708236219    0.8706714919    2.7952183265
  -0.1499122741    1.7726125209    2.7952183265
  -1.1913840659    1.7726125209    2.7952183265
  -1.1913840659   -0.0312695372    2.7952183265
  -0.1499122741   -0.0312695372    2.7952183265
   0.1089476102    2.5777481331    2.1291721163
  -0.9377257765    2.7282370470    2.1291721163
   0.7884213872    2.7002868465    1.1667074565
  -0.1499122741    3.1521645217    1.1667074565
  -1.1913840659    3.1521645217    1.1667074565
  -0.1499122741    3.1521645217    0.0984522770
  -1.1913840659    3.1521645217    0.0984522770
  -0.9377257765    2.7282370470   -0.8640123828
  -1.6083725900    0.7363397698    2.8795425578
  -2.1170059065    1.6173185163    2.6473580871
  -2.6256392229    0.7363397698    2.6473580871
  -2.1170059065   -0.1446389768    2.6473580871
  -2.1748165417    2.4796749948    1.9967916571
  -3.0913421084    1.8137801926    1.9967916571
  -3.4414237233    0.7363397698    1.9967916571
  -3.0913421084   -0.3411006530    1.9967916571
  -2.1748165417   -1.0069954552    1.9967916571
  -2.4189204181    2.8735787433    1.0566959277
  -3.3193015237    2.2520905394    1.0566959277
  -3.8277294294    1.2833621009    1.0566959277
  -3.8277294294    0.1893174387    1.0566959277
  -3.3193015237   -0.7794109998    1.0566959277
  -2.4189204181   -1.4008992037    1.0566959277
  -2.4189204181    2.8735787433    0.0132683879
  -3.3193015237    2.2520905394    0.0132683879
  -3.8277294294    1.2833621009    0.0132683879
  -3.8277294294    0.1893174387    0.0132683879
  -3.3193015237   -0.7794109998    0.0132683879
  -2.1748165417    2.4796749948   -0.9268273414
  -3.0913421084    1.8137801926   -0.9268273414
  -3.4414237233    0.7363397698   -0.9268273414
  -3.0913421084   -0.3411006530   -0.9268273414
  -2.1170059065    1.6173185163   -1.5773937715
  -2.6256392229    0.7363397698   -1.5773937715
  -2.4274077498   -1.4442060399    0.8314514603
  -1.8557143802   -2.3337782870    0.8314514603
  -0.8938362465   -2.7730533120    0.8314514603
   0.1528371402   -2.6225643980    0.8314514603
  -2.7351752384   -1.9308476765   -0.1310131994
  -2.0858281972   -2.7451031115   -0.1310131994
  -1.1474945359   -3.1969807867   -0.1310131994
  -0.1060227441   -3.1969807867   -0.1310131994
  -2.9669245142   -0.9154877568   -1.1992683790
  -2.7351752384   -1.9308476765   -1.1992683790
  -2.0858281972   -2.7451031115   -1.1992683790
  -1.1474945359   -3.1969807867   -1.1992683790
  -0.1060227441   -3.1969807867   -1.1992683790
   0.8323109172   -2.7451031115   -1.1992683790
  -1.8557143802    0.5028027734   -2.1617330387
  -2.4274077498   -0.3867694737   -2.1617330387
  -2.4274077498   -1.4442060399   -2.1617330387
  -1.8557143802   -2.3337782870   -2.1617330387
  -0.8938362465   -2.7730533120   -2.1617330387
   0.1528371402   -2.6225643980   -2.1617330387
   0.4147131519   -0.9154877568   -2.8277792489
  -0.1060227441   -0.0135467277   -2.8277792489
  -1.1474945359   -0.0135467277   -2.8277792489
  -1.6682304319   -0.9154877568   -2.8277792489
  -1.1474945359   -1.8174287859   -2.8277792489
  -0.1060227441   -1.8174287859   -2.8277792489
  -0.6267586400   -0.9154877568   -3.0654883892
   4.4602723149    0.0536291864    0.5696655004
   4.2787616722    1.0830271943    0.5696655004
   1.7552161300   -0.0057164435    3.7569056457
   2.7806154686   -0.0057164435    3.5529410357
   2.2679157993    0.8823054327    3.5529410357
   1.2425164607    0.8823054327    3.5529410357
   0.7298167914   -0.0057164435    3.5529410357
   1.2425164607   -0.8937383197    3.5529410357
   2.2679157993   -0.8937383197    3.5529410357
   3.6499070531   -0.0057164435    2.9720989688
   3.3491315627    1.0186308060    2.9720989688
   2.5422991845    1.7177550415    2.9720989688
   1.4855734977    1.8696892580    2.9720989688
  -0.0627264979   -0.5395125617    2.9720989688
   0.5144574415   -1.4376283022    2.9720989688
   1.4855734977   -1.8811221450    2.9720989688
   2.5422991845   -1.7291879285    2.9720989688
   3.3491315627   -1.0300636930    2.9720989688
   4.2307491201   -0.0057164435    2.1028073842
   3.9855942855    1.0683770665    2.1028073842
   3.2986857035    1.9297331840    2.1028073842
   2.3060740430    2.4077497660    2.1028073842
   1.2043582170    2.4077497660    2.1028073842
   1.2043582170   -2.4191826530    2.1028073842
   2.3060740430   -2.4191826530    2.1028073842
   3.2986857035   -1.9411660710    2.1028073842
   3.9855942855   -1.0798099535    2.1028073842
   4.4347137300   -0.0057164435    1.0774080457
   4.2307491201    1.0196828951    1.0774080457
   4.2307491201   -1.0311157821    1.0774080457
   2.5422991845    2.7463809493    1.5563168663
   1.4855734977    2.8983151658    1.5563168663
   3.9855942855    2.0970029744    0.6870252818
   3.2986857035    2.9583590919    0.6870252818
   2.3060740430    3.4363756739    0.6870252818
   1.2043582170    3.4363756739    0.6870252818
   4.4347137300    1.0229094643   -0.3383740568
   4.2307491201    2.0483088029   -0.3383740568
   3.6499070531    2.9176003875   -0.3383740568
   2.7806154686    3.4984424544   -0.3383740568
   1.7552161300    3.7024070643   -0.3383740568
   0.7298167914    3.4984424544   -0.3383740568
   4.2307491201    1.0229094643   -1.3637733954
   3.9855942855    2.0970029744   -1.3637733954
   3.2986857035    2.9583590919   -1.3637733954
   2.3060740430    3.4363756739   -1.3637733954
   1.2043582170    3.4363756739   -1.3637733954
   0.2117465565    2.9583590919   -1.3637733954
   3.6499070531    1.0229094643   -2.2330649800
   3.3491315627    2.0472567139   -2.2330649800
   2.5422991845    2.7463809493   -2.2330649800
   1.4855734977    2.8983151658   -2.2330649800
   0.5144574415    2.4548213230   -2.2330649800
   2.7806154686    1.0229094643   -2.8139070469
   2.2679157993    1.9109313406   -2.8139070469
   1.2425164607    1.9109313406   -2.8139070469
   0.7298167914    1.0229094643   -2.8139070469
   1.7552161300    1.0229094643   -3.0178716568
   4.3972654301   -0.7320462842    0.4935365806
   1.3708745270   -3.1455124938    0.4935365806
   2.4725903530   -3.1455124938    0.4935365806
   3.4652020135   -2.6674959118    0.4935365806
   4.1521105955   -1.8061397943    0.4935365806
   4.6012300400   -0.7320462842   -0.5318627580
   0.8963331014   -3.2075792743   -0.5318627580
   1.9217324400   -3.4115438842   -0.5318627580
   2.9471317786   -3.2075792743   -0.5318627580
   3.8164233631   -2.6267372074   -0.5318627580
   4.3972654301   -1.7574456228   -0.5318627580
   4.3972654301   -0.7320462842   -1.5572620966
   4.1521105955    0.3420472258   -1.5572620966
   1.3708745270   -3.1455124938   -1.5572620966
   2.4725903530   -3.1455124938   -1.5572620966
   3.4652020135   -2.6674959118   -1.5572620966
   4.1521105955   -1.8061397943   -1.5572620966
   3.8164233631   -0.7320462842   -2.4265536811
   3.5156478727    0.2923009653   -2.4265536811
   1.6520898077   -2.6074519857   -2.4265536811
   2.7088154945   -2.4555177692   -2.4265536811
   3.5156478727   -1.7563935338   -2.4265536811
   2.9471317786   -0.7320462842   -3.0073957480
   2.4344321093    0.1559755920   -3.0073957480
   0.8963331014   -0.7320462842   -3.0073957480
   1.4090327707   -1.6200681605   -3.0073957480
   2.4344321093   -1.6200681605   -3.0073957480
   1.9217324400   -0.7320462842   -3.2113603580
  -0.5649702857   -0.9849205577    2.8139848718
  -1.0245713668   -1.7809729813    2.2832832560
  -0.0423312200   -2.0441634354    2.2832832560
  -0.0423312200   -2.7264202814    1.4702012087
  -0.0423312200    1.8847971516   -2.3990696387
  -1.0245713668    1.6216066975   -2.3990696387
  -1.7436210594    0.9025570049   -2.3990696387
   0.4803078457    0.8255542740   -2.9297712544
  -0.5649702857    0.8255542740   -2.9297712544
  -0.6706481700    0.8706714919    3.3758342668
  -0.1457491652    1.7798232370    3.1670164594
  -1.1955471748    1.7798232370    3.1670164594
  -1.1955471748   -0.0384802533    3.1670164594
  -0.1457491652   -0.0384802533    3.1670164594
   0.2992387244    2.5505648705    2.5723536555
  -0.6706481700    2.8104452806    2.5723536555
  -1.6405350644    2.5505648705    2.5723536555
   1.0252209240    2.7541249312    1.6823778764
   0.1125358083    3.2810639284    1.6823778764
  -0.9355689323    3.3912241756    1.6823778764
   0.5521255357    3.3263321296    0.6325798668
  -0.4175325869    3.6022236522    0.6325798668
  -1.4213753716    3.5092039195    0.6325798668
   0.1125358083    3.2810639284   -0.4172181429
  -0.9355689323    3.3912241756   -0.4172181429
  -0.6706481700    2.8104452806   -1.3071939220
  -1.6083725900    0.7363397698    3.2144797578
  -2.1210722593    1.6243616460    3.0105151479
  -2.6337719286    0.7363397698    3.0105151479
  -2.1210722593   -0.1516821064    3.0105151479
  -1.8780152223    2.6117454712    2.4296730809
  -2.8491312785    2.1682516285    2.4296730809
  -3.4263152179    1.2701358880    2.4296730809
  -3.4263152179    0.2025436516    2.4296730809
  -2.8491312785   -0.6955720889    2.4296730809
  -1.8780152223   -1.1390659317    2.4296730809
  -2.1592305030    3.1498059793    1.5603814964
  -3.1518421635    2.6717893973    1.5603814964
  -3.8387507455    1.8104332798    1.5603814964
  -4.0839055801    0.7363397698    1.5603814964
  -3.8387507455   -0.3377537402    1.5603814964
  -3.1518421635   -1.1991098577    1.5603814964
  -2.1592305030   -1.6771264397    1.5603814964
  -2.6337719286    3.2118727598    0.5349821578
  -3.5030635131    2.6310306929    0.5349821578
  -4.0839055801    1.7617391084    0.5349821578
  -4.2878701900    0.7363397698    0.5349821578
  -4.0839055801   -0.2890595688    0.5349821578
  -3.5030635131   -1.1583511533    0.5349821578
  -2.1592305030    3.1498059793   -0.4904171808
  -3.1518421635    2.6717893973   -0.4904171808
  -3.8387507455    1.8104332798   -0.4904171808
  -4.0839055801    0.7363397698   -0.4904171808
  -3.8387507455   -0.3377537402   -0.4904171808
  -1.8780152223    2.6117454712   -1.3597087653
  -2.8491312785    2.1682516285   -1.3597087653
  -3.4263152179    1.2701358880   -1.3597087653
  -3.4263152179    0.2025436516   -1.3597087653
  -2.1210722593    1.6243616460   -1.9405508322
  -2.6337719286    0.7363397698   -1.9405508322
  -2.3066520187   -1.8853746512    1.2746329996
  -1.5966455344   -2.5953811355    1.2746329996
  -0.6267586400   -2.8552615456    1.2746329996
  -2.6771609146   -2.4051922088    0.3846572204
  -1.8939769363   -3.1103742303    0.3846572204
  -0.8916794023   -3.4360404406    0.3846572204
   0.1564253383   -3.3258801934    0.3846572204
  -3.3233039208   -1.4195594301   -0.6651407892
  -2.9591205385   -2.3596251039   -0.6651407892
  -2.2799387578   -3.1046520268   -0.6651407892
  -1.3774858416   -3.5540201845   -0.6651407892
  -0.3736430569   -3.6470399172   -0.6651407892
   0.5960150657   -3.3711483945   -0.6651407892
  -3.1058117123   -0.3885487596   -1.7149387988
  -3.1058117123   -1.4424267541   -1.7149387988
  -2.6771609146   -2.4051922088   -1.7149387988
  -1.8939769363   -3.1103742303   -1.7149387988
  -0.8916794023   -3.4360404406   -1.7149387988
   0.1564253383   -3.3258801934   -1.7149387988
  -1.5966455344    0.7644056218   -2.6049145780
  -2.3066520187    0.0543991376   -2.6049145780
  -2.5665324288   -0.9154877568   -2.6049145780
  -2.3066520187   -1.8853746512   -2.6049145780
  -1.5966455344   -2.5953811355   -2.6049145780
  -0.6267586400   -2.8552615456   -2.6049145780
   0.3431282544   -2.5953811355   -2.6049145780
   0.4230393696   -0.9154877568   -3.1995773818
  -0.1018596352   -0.0063360116   -3.1995773818
  -1.1516576448   -0.0063360116   -3.1995773818
  -1.6765566496   -0.9154877568   -3.1995773818
  -1.1516576448   -1.8246395020   -3.1995773818
  -0.1018596352   -1.8246395020   -3.1995773818
  -0.6267586400   -0.9154877568   -3.4083951892
   1.4505138900    2.8352014483    2.0598944276
   1.1804848552   -3.2051366375    1.1014299466
   4.8887262900    0.0536291864    0.0389638847
   1.7552161300   -0.0057164435    4.0918428457
   2.7862135523   -0.0057164435    3.9100501831
   2.2707148412    0.8871535155    3.9100501831
   1.2397174188    0.8871535155    3.9100501831
   0.7242187077   -0.0057164435    3.9100501831
   1.2397174188   -0.8985864025    3.9100501831
   2.2707148412   -0.8985864025    3.9100501831
   3.6928574696   -0.0057164435    3.3865990733
   3.3852637523    1.0418515543    3.3865990733
   2.5601414323    1.7568241146    3.3865990733
   1.4794610161    1.9122025012    3.3865990733
  -0.1039371208   -0.5516130924    3.3865990733
   0.4863309002   -1.4700880612    3.3865990733
   1.4794610161   -1.9236353882    3.3865990733
   2.5601414323   -1.7682570016    3.3865990733
   3.3852637523   -1.0532844413    3.3865990733
   4.3657932449   -0.0057164435    2.5846254457
   4.1400969951    1.0561009287    2.5846254457
   3.5020331778    1.9343204309    2.5846254457
   2.5619288236    2.4770899329    2.5846254457
   1.4823365159    2.5905596568    2.5846254457
   0.4499275726   -2.2665425435    2.5846254457
   1.4823365159   -2.6019925438    2.5846254457
   2.5619288236   -2.4885228199    2.5846254457
   3.5020331778   -1.9457533179    2.5846254457
   4.1400969951   -1.0675338157    2.5846254457
   4.7238548920   -0.0057164435    1.6008591554
   4.5233893347    1.0666795692    1.6008591554
   3.9490666471    1.9942425580    1.6008591554
   2.0291275584   -2.9616915159    1.6008591554
   3.0784522907   -2.6631328885    1.6008591554
   3.9490666471   -2.0056754450    1.6008591554
   4.5233893347   -1.0781124562    1.6008591554
   2.5601414323    2.7854500224    1.9708169709
   1.4794610161    2.9408284090    1.9708169709
   4.1400969951    2.0847268365    1.1688433432
   3.5020331778    2.9629463388    1.1688433432
   2.5619288236    3.5057158407    1.1688433432
   1.4823365159    3.6191855646    1.1688433432
   4.5233893347    2.0953054770    0.1850770529
   3.9490666471    3.0228684659    0.1850770529
   3.0784522907    3.6803259094    0.1850770529
   2.0291275584    3.9788845367    0.1850770529
   0.9428095699    3.8782223509    0.1850770529
   4.7238548920    1.0229094643   -0.8618251665
   4.5233893347    2.0953054770   -0.8618251665
   3.9490666471    3.0228684659   -0.8618251665
   3.0784522907    3.6803259094   -0.8618251665
   2.0291275584    3.9788845367   -0.8618251665
   0.9428095699    3.8782223509   -0.8618251665
   4.3657932449    1.0229094643   -1.8455914568
   4.1400969951    2.0847268365   -1.8455914568
   3.5020331778    2.9629463388   -1.8455914568
   2.5619288236    3.5057158407   -1.8455914568
   1.4823365159    3.6191855646   -1.8455914568
   0.4499275726    3.2837355643   -1.8455914568
   3.6928574696    1.0229094643   -2.6475650845
   3.3852637523    2.0704774621   -2.6475650845
   2.5601414323    2.7854500224   -2.6475650845
   1.4794610161    2.9408284090   -2.6475650845
   0.4863309002    2.4872810820   -2.6475650845
   2.7862135523    1.0229094643   -3.1710161942
   2.2707148412    1.9157794233   -3.1710161942
   1.2397174188    1.9157794233   -3.1710161942
   1.7552161300    1.0229094643   -3.3528088568
   1.6488528259   -3.3283223845    0.9753546420
   2.7284451336   -3.2148526606    0.9753546420
   3.6685494878   -2.6720831587    0.9753546420
   4.3066133051   -1.7938636564    0.9753546420
   4.8903712020   -0.7320462842   -0.0084116483
   1.1093258799   -3.5873591708   -0.0084116483
   2.1956438684   -3.6880213566   -0.0084116483
   3.2449686007   -3.3894627293   -0.0084116483
   4.1155829571   -2.7320052858   -0.0084116483
   4.6899056447   -1.8044422969   -0.0084116483
   4.8903712020   -0.7320462842   -1.0553138677
   1.1093258799   -3.5873591708   -1.0553138677
   2.1956438684   -3.6880213566   -1.0553138677
   3.2449686007   -3.3894627293   -1.0553138677
   4.1155829571   -2.7320052858   -1.0553138677
   4.6899056447   -1.8044422969   -1.0553138677
   4.5323095549   -0.7320462842   -2.0390801580
   4.3066133051    0.3297710879   -2.0390801580
   1.6488528259   -3.3283223845   -2.0390801580
   2.7284451336   -3.2148526606   -2.0390801580
   3.6685494878   -2.6720831587   -2.0390801580
   4.3066133051   -1.7938636564   -2.0390801580
   3.8593737796   -0.7320462842   -2.8410537857
   3.5517800623    0.3155217136   -2.8410537857
   1.6459773261   -2.6499652289   -2.8410537857
   2.7266577423   -2.4945868423   -2.8410537857
   3.5517800623   -1.7796142820   -2.8410537857
   2.9527298623   -0.7320462842   -3.3645048954
   2.4372311512    0.1608236747   -3.3645048954
   0.8907350177   -0.7320462842   -3.3645048954
   1.4062337288   -1.6249162432   -3.3645048954
   2.4372311512   -1.6249162432   -3.3645048954
   1.9217324400   -0.7320462842   -3.5462975580
  -0.5735642509   -0.9998057421    3.2120411161
  -1.0527964915   -1.8298603314    2.7236790705
  -0.0423312200   -2.1006136848    2.7236790705
  -2.0091998287   -2.0465517506    1.9630373516
  -1.1067928405   -2.6495208228    1.9630373516
  -0.0423312200   -2.8612554037    1.9630373516
   0.7603901964   -3.2495583291    1.0045728705
  -1.1067928405    2.4901545391   -2.0788237343
  -0.0423312200    1.9412474011   -2.8394654532
  -1.0527964915    1.6704940476   -2.8394654532
   0.4889018109    0.8404394584   -3.3278274988
  -0.5735642509    0.8404394584   -3.3278274988
  -0.6706481700    0.8706714919    3.7187410668
  -0.1428835220    1.7847866766    3.5326227729
  -1.1984128180    1.7847866766    3.5326227729
  -1.1984128180   -0.0434436929    3.5326227729
  -0.1428835220   -0.0434436929    3.5326227729
   0.3212249204    2.5886460791    2.9967165046
  -0.6706481700    2.8544176727    2.9967165046
  -1.6625212604    2.5886460791    2.9967165046
   1.2192318810    2.7605515428    2.1756604668
   0.3521475433    3.3399187745    2.1756604668
  -0.6706481700    3.5433654912    2.1756604668
  -1.6934438833    3.3399187745    2.1756604668
   0.8489895684    3.5027612639    1.1684861351
  -0.1428835220    3.8637735449    1.1684861351
  -1.1984128180    3.8637735449    1.1684861351
  -0.1428835220    3.8637735449    0.0966735984
  -1.1984128180    3.8637735449    0.0966735984
  -0.6706481700    3.5433654912   -0.9105007332
  -2.1238713012    1.6292097288    3.3676242952
  -2.6393700123    0.7363397698    3.3676242952
  -2.1238713012   -0.1565301892    3.3676242952
  -1.8841277039    2.6542587145    2.8441731855
  -2.8772578198    2.2007113875    2.8441731855
  -3.4675258408    1.2822364187    2.8441731855
  -3.4675258408    0.1904431209    2.8441731855
  -2.8772578198   -0.7280318479    2.8441731855
  -1.8841277039   -1.1815791749    2.8441731855
  -2.9136611474    2.9971658698    2.0421995578
  -3.7203738410    2.2707984979    2.0421995578
  -4.1619023314    1.2791092718    2.0421995578
  -4.1619023314    0.1935702678    2.0421995578
  -3.7203738410   -0.7981189583    2.0421995578
  -2.9136611474   -1.5244863302    2.0421995578
  -2.4207791501    3.5916526564    1.0584332675
  -3.3973771309    3.1053646434    1.0584332675
  -4.1323601352    2.2991266941    1.0584332675
  -4.5264646357    1.2818257109    1.0584332675
  -4.5264646357    0.1908538287    1.0584332675
  -4.1323601352   -0.8264471545    1.0584332675
  -3.3973771309   -1.6326851038    1.0584332675
  -2.4207791501    3.5916526564    0.0115310481
  -3.3973771309    3.1053646434    0.0115310481
  -4.1323601352    2.2991266941    0.0115310481
  -4.5264646357    1.2818257109    0.0115310481
  -4.5264646357    0.1908538287    0.0115310481
  -4.1323601352   -0.8264471545    0.0115310481
  -1.8812522041    3.3326158701   -0.9722352422
  -2.9136611474    2.9971658698   -0.9722352422
  -3.7203738410    2.2707984979   -0.9722352422
  -4.1619023314    1.2791092718   -0.9722352422
  -4.1619023314    0.1935702678   -0.9722352422
  -3.7203738410   -0.7981189583   -0.9722352422
  -1.8841277039    2.6542587145   -1.7742088699
  -2.8772578198    2.2007113875   -1.7742088699
  -3.4675258408    1.2822364187   -1.7742088699
  -3.4675258408    0.1904431209   -1.7742088699
  -2.1238713012    1.6292097288   -2.2976599796
  -1.6186317304   -2.6334623441    1.6989958486
  -3.0960059227   -1.9382834702    0.8779398108
  -2.5166386910   -2.8053678078    0.8779398108
  -1.6495543533   -3.3847350395    0.8779398108
  -0.6267586400   -3.5881817562    0.8779398108
   0.3960370733   -3.3847350395    0.8779398108
  -3.4827433781   -1.9549811910   -0.1292345208
  -2.9549787301   -2.8690963757   -0.1292345208
  -2.1463963784   -3.5475775288   -0.1292345208
  -1.1545232880   -3.9085898099   -0.1292345208
  -0.0989939920   -3.9085898099   -0.1292345208
   0.8928790984   -3.5475775288   -0.1292345208
  -3.6660341168   -0.9154877568   -1.2010470576
  -3.4827433781   -1.9549811910   -1.2010470576
  -2.9549787301   -2.8690963757   -1.2010470576
  -2.1463963784   -3.5475775288   -1.2010470576
  -1.1545232880   -3.9085898099   -1.2010470576
  -0.0989939920   -3.9085898099   -1.2010470576
   0.8928790984   -3.5475775288   -1.2010470576
  -3.0960059227    0.1073079565   -2.2082213892
  -3.2994526394   -0.9154877568   -2.2082213892
  -3.0960059227   -1.9382834702   -2.2082213892
  -2.5166386910   -2.8053678078   -2.2082213892
  -1.6495543533   -3.3847350395   -2.2082213892
  -0.6267586400   -3.5881817562   -2.2082213892
   0.3960370733   -3.3847350395   -2.2082213892
  -1.6186317304    0.8024868305   -3.0292774270
  -2.3447332273    0.0763853336   -3.0292774270
  -2.6105048209   -0.9154877568   -3.0292774270
  -2.3447332273   -1.9073608472   -3.0292774270
  -1.6186317304   -2.6334623441   -3.0292774270
  -0.6267586400   -2.8992339377   -3.0292774270
   0.3651144504   -2.6334623441   -3.0292774270
   0.4287706560   -0.9154877568   -3.5651836954
  -0.0989939920   -0.0013725721   -3.5651836954
  -1.1545232880   -0.0013725721   -3.5651836954
  -1.6822879360   -0.9154877568   -3.5651836954
  -1.1545232880   -1.8296029416   -3.5651836954
  -0.0989939920   -1.8296029416   -3.5651836954
  -0.6267586400   -0.9154877568   -3.7513019892
   1.4505138900   -3.4213797090    1.6259472723
   2.5243506943   -3.2513006677    1.6259472723
   5.2318653958    0.0536291864    0.5826401532
   5.0786940906    1.1189590145    0.5826401532
   5.0786940906   -1.0117006416    0.5826401532
   5.2318653958    0.0536291864   -0.5047123838
   0.9123714620    0.9857192134   -3.6265257149
   1.4505138900    0.0536291864   -3.7812721153
   1.7552161300   -0.0057164435    4.4267800457
   2.7902289985   -0.0057164435    4.2628501118
   2.2727225642    0.8906309938    4.2628501118
   1.2377096958    0.8906309938    4.2628501118
   0.7202032615   -0.0057164435    4.2628501118
   1.2377096958   -0.9020638809    4.2628501118
   2.2727225642   -0.9020638809    4.2628501118
   3.7239275960   -0.0057164435    3.7871069141
   3.4114016059    1.0586493328    3.7871069141
   2.5730484293    1.7850864956    3.7871069141
   1.4750392761    1.9429563785    3.7871069141
  -0.1337486887   -0.5603665585    3.7871069141
   0.4659842944   -1.4935692960    3.7871069141
   1.4750392761   -1.9543892655    3.7871069141
   2.5730484293   -1.7965193826    3.7871069141
   3.4114016059   -1.0700822198    3.7871069141
   4.4649149985   -0.0057164435    3.0461195117
   4.2586514539    1.0312404202    3.0461195117
   3.6712625749    1.9103300014    3.0461195117
   2.7921729937    2.4977188804    3.0461195117
   1.7552161300    2.7039824250    3.0461195117
   0.7182592663   -2.5091517674    3.0461195117
   1.7552161300   -2.7154153120    3.0461195117
   2.7921729937   -2.5091517674    3.0461195117
   3.6712625749   -1.9217628884    3.0461195117
   4.2586514539   -1.0426733072    3.0461195117
   4.9406581961   -0.0057164435    2.1124209141
   4.7680621586    1.0285949045    2.1124209141
   4.2689775047    1.9508225690    2.1124209141
   3.4974878009    2.6610288727    2.1124209141
   1.4921644091   -3.1802786099    2.1124209141
   2.5371959274   -3.0936848295    2.1124209141
   3.4974878009   -2.6724617597    2.1124209141
   4.2689775047   -1.9622554560    2.1124209141
   4.7680621586   -1.0400277915    2.1124209141
   3.6712625749    2.9389559092    1.6303374092
   2.7921729937    3.5263447882    1.6303374092
   1.7552161300    3.7326083328    1.6303374092
   4.7680621586    2.0572208124    0.6966388117
   4.2689775047    2.9794484769    0.6966388117
   3.4974878009    3.6896547805    0.6966388117
   2.5371959274    4.1108778504    0.6966388117
   1.4921644091    4.1974716308    0.6966388117
   4.9406581961    2.0579223328   -0.3383740568
   4.4649149985    2.9916209304   -0.3383740568
   3.7239275960    3.7326083328   -0.3383740568
   2.7902289985    4.2083515304   -0.3383740568
   1.7552161300    4.3722814643   -0.3383740568
   0.7202032615    4.2083515304   -0.3383740568
   4.9406581961    1.0229094643   -1.3733869253
   4.7680621586    2.0572208124   -1.3733869253
   4.2689775047    2.9794484769   -1.3733869253
   3.4974878009    3.6896547805   -1.3733869253
   2.5371959274    4.1108778504   -1.3733869253
   1.4921644091    4.1974716308   -1.3733869253
   0.4756386266    3.9400523421   -1.3733869253
   4.4649149985    1.0229094643   -2.3070855229
   4.2586514539    2.0598663280   -2.3070855229
   3.6712625749    2.9389559092   -2.3070855229
   2.7921729937    3.5263447882   -2.3070855229
   1.7552161300    3.7326083328   -2.3070855229
   0.7182592663    3.5263447882   -2.3070855229
   3.7239275960    1.0229094643   -3.0480729253
   3.4114016059    2.0872752407   -3.0480729253
   2.5730484293    2.8137124035   -3.0480729253
   1.4750392761    2.9715822863   -3.0480729253
   0.4659842944    2.5107623168   -3.0480729253
   2.7902289985    1.0229094643   -3.5238161229
   2.2727225642    1.9192569017   -3.5238161229
   1.2377096958    1.9192569017   -3.5238161229
   1.7552161300    1.0229094643   -3.6877460568
   2.9586893037   -3.2354816081    1.4368487081
   3.8377788849   -2.6480927291    1.4368487081
   1.6586807191   -3.9066084507    0.5031501105
   2.7037122374   -3.8200146703    0.5031501105
   3.6640041109   -3.3987916004    0.5031501105
   4.4354938147   -2.6885852968    0.5031501105
   4.9345784686   -1.7663576323    0.5031501105
   5.2711044400   -0.7320462842   -0.5318627580
   1.9217324400   -4.0814182842   -0.5318627580
   2.9567453085   -3.9174883503   -0.5318627580
   3.8904439060   -3.4417451527   -0.5318627580
   4.6314313085   -2.7007577503   -0.5318627580
   5.1071745061   -1.7670591527   -0.5318627580
   5.1071745061   -0.7320462842   -1.5668756265
   4.9345784686    0.3022650638   -1.5668756265
   1.6586807191   -3.9066084507   -1.5668756265
   2.7037122374   -3.8200146703   -1.5668756265
   3.6640041109   -3.3987916004   -1.5668756265
   4.4354938147   -2.6885852968   -1.5668756265
   4.9345784686   -1.7663576323   -1.5668756265
   4.6314313085   -0.7320462842   -2.5005742240
   4.4251677639    0.3049105794   -2.5005742240
   1.9217324400   -3.4417451527   -2.5005742240
   2.9586893037   -3.2354816081   -2.5005742240
   3.8377788849   -2.6480927291   -2.5005742240
   4.4251677639   -1.7690031479   -2.5005742240
   3.8904439060   -0.7320462842   -3.2415616265
   3.5779179159    0.3323194921   -3.2415616265
   1.6415555861   -2.6807191062   -3.2415616265
   2.7395647393   -2.5228492234   -3.2415616265
   3.5779179159   -1.7964120606   -3.2415616265
   2.9567453085   -0.7320462842   -3.7173048241
   2.4392388742    0.1643011531   -3.7173048241
   1.4042260058   -1.6283937216   -3.7173048241
   2.4392388742   -1.6283937216   -3.7173048241
   1.9217324400   -0.7320462842   -3.8812347580
  -0.5804736480   -1.0117731689    3.6075964082
  -1.0750189770   -1.8683508053    3.1558938399
  -0.0423312200   -2.1450586558    3.1558938399
  -1.7822228272   -2.3836719807    2.4438293595
  -0.8324350588   -2.8566100941    2.4438293595
   0.2240606111   -2.9545088352    2.4438293595
  -0.0423312200   -3.5546920373    1.5290901963
  -0.8324350588    2.6972438104   -2.5596157421
  -1.7822228272    2.2243056970   -2.5596157421
  -0.0423312200    1.9856923721   -3.2716802226
  -1.0750189770    1.7089845215   -3.2716802226
   0.4958112080    0.8524068852   -3.7233827909
  -0.5804736480    0.8524068852   -3.7233827909
  -0.6706481700    0.8706714919    4.0616478668
  -0.1408280266    1.7883468992    3.8938173330
  -1.2004683134    1.7883468992    3.8938173330
  -1.7302884569    0.8706714919    3.8938173330
  -1.2004683134   -0.0470039154    3.8938173330
  -0.1408280266   -0.0470039154    3.8938173330
   0.3371296298    2.6161938438    3.4067541536
  -0.6706481700    2.8862270914    3.4067541536
  -1.6784259698    2.6161938438    3.4067541536
   0.3909823681    3.4336743351    2.6481354663
  -0.6706481700    3.6448457787    2.6481354663
  -1.7322787081    3.4336743351    2.6481354663
   0.1299382981    4.0321159589    1.6922201536
  -0.9399590254    4.1207701787    1.6922201536
   0.5821310457    4.0627008754    0.6325798668
  -0.4143935974    4.2901511222    0.6325798668
  -1.4336875840    4.2137655978    0.6325798668
   0.1299382981    4.0321159589   -0.4270604201
  -0.9399590254    4.1207701787   -0.4270604201
  -0.6706481700    3.6448457787   -1.3829757328
  -2.1258790242    1.6326872071    3.7204242239
  -2.6433854585    0.7363397698    3.7204242239
  -2.1258790242   -0.1600076676    3.7204242239
  -2.8976044256    2.2241926223    3.2446810263
  -3.4973374087    1.2909898848    3.2446810263
  -3.4973374087    0.1816896548    3.2446810263
  -2.8976044256   -0.7515130827    3.2446810263
  -1.8885494439   -1.2123330522    3.2446810263
  -2.6453294537    3.2397750937    2.5036936239
  -3.5244190349    2.6523862147    2.5036936239
  -4.1118079139    1.7732966335    2.5036936239
  -4.3180714585    0.7363397698    2.5036936239
  -4.1118079139   -0.3006170939    2.5036936239
  -3.5244190349   -1.1797066751    2.5036936239
  -2.6453294537   -1.7670955541    2.5036936239
  -2.8879500934    3.6534826475    1.5699950263
  -3.7658137988    3.0799456639    1.5699950263
  -4.4098852731    2.2524426168    1.5699950263
  -4.7503693782    1.2606463015    1.5699950263
  -4.7503693782    0.2120332381    1.5699950263
  -4.4098852731   -0.7797630772    1.5699950263
  -3.7658137988   -1.6072661243    1.5699950263
  -2.6433854585    3.9217818359    0.5349821578
  -3.5770840560    3.4460386383    0.5349821578
  -4.3180714585    2.7050512358    0.5349821578
  -4.7938146561    1.7713526383    0.5349821578
  -4.9577445900    0.7363397698    0.5349821578
  -4.7938146561   -0.2986730987    0.5349821578
  -4.3180714585   -1.2323716962    0.5349821578
  -1.8714243109    3.9109019362   -0.5000307107
  -2.8879500934    3.6534826475   -0.5000307107
  -3.7658137988    3.0799456639   -0.5000307107
  -4.4098852731    2.2524426168   -0.5000307107
  -4.7503693782    1.2606463015   -0.5000307107
  -4.7503693782    0.2120332381   -0.5000307107
  -4.4098852731   -0.7797630772   -0.5000307107
  -1.6083725900    3.4460386383   -1.4337293082
  -2.6453294537    3.2397750937   -1.4337293082
  -3.5244190349    2.6523862147   -1.4337293082
  -4.1118079139    1.7732966335   -1.4337293082
  -4.3180714585    0.7363397698   -1.4337293082
  -4.1118079139   -0.3006170939   -1.4337293082
  -1.8885494439    2.6850125918   -2.1747167107
  -2.8976044256    2.2241926223   -2.1747167107
  -3.4973374087    1.2909898848   -2.1747167107
  -2.5883960904   -2.8771252073    1.3504148103
  -1.6883891781   -3.4784906001    1.3504148103
  -0.6267586400   -3.6896620437    1.3504148103
  -3.4949313880   -2.4676652269    0.3944994977
  -2.8355346766   -3.3148581391    0.3944994977
  -1.9367828089   -3.9020420403    0.3944994977
  -0.8960694954   -4.1655864437    0.3944994977
   0.1738278281   -4.0769322239    0.3944994977
  -4.0175267836   -1.4265638224   -0.6651407892
  -3.7162421539   -2.4033046023   -0.6651407892
  -3.1404433560   -3.2478463264   -0.6651407892
  -2.3412926400   -3.8851477561   -0.6651407892
  -1.3897980540   -4.2585818628   -0.6651407892
  -0.3705040674   -4.3349673872   -0.6651407892
   0.6260205757   -4.1075171403   -0.6651407892
  -3.8435170779   -0.3787057123   -1.7247810761
  -3.8435170779   -1.4522698014   -1.7247810761
  -3.4949313880   -2.4676652269   -1.7247810761
  -2.8355346766   -3.3148581391   -1.7247810761
  -1.9367828089   -3.9020420403   -1.7247810761
  -0.8960694954   -4.1655864437   -1.7247810761
   0.1738278281   -4.0769322239   -1.7247810761
  -2.5883960904    1.0461496936   -2.6806963887
  -3.1897614833    0.1461427813   -2.6806963887
  -3.4009329269   -0.9154877568   -2.6806963887
  -3.1897614833   -1.9771182949   -2.6806963887
  -2.5883960904   -2.8771252073   -2.6806963887
  -1.6883891781   -3.4784906001   -2.6806963887
  -0.6267586400   -3.6896620437   -2.6806963887
   0.4348718981   -3.4784906001   -2.6806963887
  -1.6345364398    0.8300345951   -3.4393150761
  -2.3722809919    0.0922900429   -3.4393150761
  -2.6423142395   -0.9154877568   -3.4393150761
  -2.3722809919   -1.9232655566   -3.4393150761
  -1.6345364398   -2.6610101087   -3.4393150761
  -0.6267586400   -2.9310433563   -3.4393150761
   0.3810191598   -2.6610101087   -3.4393150761
   0.4328816469   -0.9154877568   -3.9263782554
  -0.0969384966    0.0021876505   -3.9263782554
  -1.1565787834    0.0021876505   -3.9263782554
  -1.6863989269   -0.9154877568   -3.9263782554
  -1.1565787834   -1.8331631641   -3.9263782554
  -0.0969384966   -1.8331631641   -3.9263782554
  -0.6267586400   -0.9154877568   -4.0942087892
