    0.0099559162
    0.0105285665
    0.0103391432
    0.0048837256
    0.0087217907
    0.0100040184
    0.0098670801
    0.0095713541
   -0.0009250561
    0.0061994560
    0.0091134187
    0.0100124377
    0.0099256208
    0.0086431848
    0.0064749692
    0.0024111507
    0.0055855815
    0.0089808708
    0.0102639752
    0.0097369778
    0.0081205444
    0.0071658463
    0.0080268953
    0.0082616970
    0.0097989828
    0.0090103077
    0.0090103077
    0.0097369778
    0.0081205444
    0.0071658463
    0.0080268953
    0.0082616970
    0.0097989828
    0.0099256208
    0.0086431848
    0.0064749692
    0.0024111507
    0.0055855815
    0.0089808708
    0.0102639752
    0.0098670801
    0.0095713541
   -0.0009250561
    0.0061994560
    0.0091134187
    0.0100124377
    0.0103391432
    0.0048837256
    0.0087217907
    0.0100040184
    0.0040900077
   -0.0009298048
    0.0085560635
    0.0062954571
    0.0018443519
   -0.0080548886
    0.0087591847
    0.0074620559
    0.0047680854
   -0.0015147183
   -0.0162166992
    0.0087591847
    0.0074620559
    0.0047680854
   -0.0015147183
   -0.0162166992
    0.0085560635
    0.0062954571
    0.0018443519
   -0.0080548886
    0.0040900077
   -0.0009298048
    0.0051446461
    0.0004642806
   -0.0069212444
    0.0014306545
    0.0042202100
   -0.0093602528
   -0.0093602528
    0.0004642806
   -0.0069212444
    0.0014306545
    0.0042202100
    0.0051446461
    0.0023146155
   -0.0008554436
   -0.0035523575
   -0.0068301235
   -0.0090601001
   -0.0058192083
   -0.0122261760
   -0.0080101130
   -0.0058192083
   -0.0122261760
   -0.0080101130
   -0.0068301235
   -0.0090601001
   -0.0008554436
   -0.0035523575
    0.0023146155
    0.0060945127
    0.0045782172
    0.0113720743
    0.0084014092
    0.0066195264
    0.0156200605
    0.0155224149
    0.0076613016
    0.0011080022
    0.0148912185
    0.0191335717
    0.0172598004
    0.0097349590
    0.0011080022
    0.0148912185
    0.0191335717
    0.0172598004
    0.0097349590
    0.0066195264
    0.0156200605
    0.0155224149
    0.0076613016
    0.0045782172
    0.0113720743
    0.0084014092
    0.0060945127
   -0.0099007202
   -0.0182224489
   -0.0224644408
   -0.0143137449
   -0.0256687938
   -0.0300498047
   -0.0290118150
   -0.0224788712
   -0.0229977471
   -0.0317991401
   -0.0336781523
   -0.0324965253
   -0.0280708082
   -0.0149404341
   -0.0229977471
   -0.0317991401
   -0.0336781523
   -0.0324965253
   -0.0280708082
   -0.0149404341
   -0.0256687938
   -0.0300498047
   -0.0290118150
   -0.0224788712
   -0.0182224489
   -0.0224644408
   -0.0143137449
   -0.0099007202
    0.0084471301
    0.0084471301
    0.0085108436
    0.0024980296
    0.0061654202
    0.0078025944
    0.0084049371
    0.0082056279
    0.0077485777
    0.0021448212
    0.0059194522
    0.0077249260
    0.0083282855
    0.0080154760
    0.0070726773
    0.0053164078
    0.0025986810
    0.0032710447
    0.0055308458
    0.0074589362
    0.0082308592
    0.0076166426
    0.0063052745
    0.0052344443
    0.0059037574
    0.0064181157
    0.0075974311
    0.0068762770
    0.0068762770
    0.0076166426
    0.0063052745
    0.0052344443
    0.0059037574
    0.0064181157
    0.0075974311
    0.0080154760
    0.0070726773
    0.0053164078
    0.0025986810
    0.0032710447
    0.0055308458
    0.0074589362
    0.0082308592
    0.0082056279
    0.0077485777
    0.0021448212
    0.0059194522
    0.0077249260
    0.0083282855
    0.0085108436
    0.0024980296
    0.0061654202
    0.0078025944
    0.0084049371
    0.0030657259
   -0.0009191394
    0.0072393976
    0.0049592027
    0.0016044350
   -0.0045013987
    0.0073580167
    0.0058426561
    0.0034965782
   -0.0010499501
   -0.0101937067
    0.0074022345
    0.0062083703
    0.0043898045
    0.0009918742
   -0.0055452754
    0.0073580167
    0.0058426561
    0.0034965782
   -0.0010499501
   -0.0101937067
    0.0072393976
    0.0049592027
    0.0016044350
   -0.0045013987
    0.0030657259
   -0.0009191394
    0.0031676980
   -0.0000260271
   -0.0050217253
    0.0004403777
    0.0033248855
   -0.0000260271
   -0.0050217253
    0.0004403777
    0.0033248855
    0.0031676980
    0.0007296506
   -0.0002632737
   -0.0042241990
   -0.0032219149
   -0.0048367379
   -0.0069985223
   -0.0021715868
   -0.0073018287
   -0.0070279914
   -0.0048367379
   -0.0069985223
   -0.0042241990
   -0.0032219149
    0.0007296506
   -0.0002632737
    0.0042119115
    0.0022921639
    0.0073700768
    0.0058800496
   -0.0011183677
    0.0081206944
    0.0112906167
    0.0093962550
    0.0031024910
    0.0061788734
    0.0124194605
    0.0136386124
    0.0109427113
    0.0044514259
   -0.0053592307
    0.0074402821
    0.0131220893
    0.0145457383
    0.0127008266
    0.0077441245
    0.0061788734
    0.0124194605
    0.0136386124
    0.0109427113
    0.0044514259
   -0.0011183677
    0.0081206944
    0.0112906167
    0.0093962550
    0.0031024910
    0.0022921639
    0.0073700768
    0.0058800496
    0.0042119115
   -0.0128565684
   -0.0161396372
   -0.0100380722
   -0.0171528546
   -0.0217583468
   -0.0221576992
   -0.0189118461
   -0.0106083384
   -0.0228157364
   -0.0256584531
   -0.0255112152
   -0.0228867941
   -0.0160319762
   -0.0216080166
   -0.0259594349
   -0.0269956335
   -0.0260765891
   -0.0230188089
   -0.0157401732
   -0.0228157364
   -0.0256584531
   -0.0255112152
   -0.0228867941
   -0.0160319762
   -0.0171528546
   -0.0217583468
   -0.0221576992
   -0.0189118461
   -0.0106083384
   -0.0128565684
   -0.0161396372
   -0.0100380722
    0.0072459356
    0.0071417967
    0.0074964512
    0.0072459356
    0.0026091852
    0.0055520416
    0.0069249997
    0.0074861887
    0.0071423145
   -0.0011183563
    0.0032880807
    0.0055764476
    0.0066953431
    0.0071173462
    0.0068461108
    0.0063742052
    0.0000435692
    0.0032434587
    0.0054040913
    0.0065543410
    0.0069598460
    0.0065426188
    0.0057203111
    0.0041015335
    0.0017199249
    0.0032168483
    0.0046622040
    0.0060700700
    0.0066950248
    0.0060734389
    0.0049518907
    0.0039066609
    0.0044722217
    0.0051159797
    0.0060456385
    0.0053674778
    0.0053674778
    0.0060734389
    0.0049518907
    0.0039066609
    0.0044722217
    0.0051159797
    0.0060456385
    0.0065426188
    0.0057203111
    0.0041015335
    0.0017199249
    0.0032168483
    0.0046622040
    0.0060700700
    0.0066950248
    0.0068461108
    0.0063742052
    0.0000435692
    0.0032434587
    0.0054040913
    0.0065543410
    0.0069598460
    0.0071423145
   -0.0011183563
    0.0032880807
    0.0055764476
    0.0066953431
    0.0071173462
    0.0026091852
    0.0055520416
    0.0069249997
    0.0074861887
    0.0023917757
    0.0039107994
    0.0008754070
   -0.0040177719
    0.0062929327
    0.0047622443
    0.0027344068
   -0.0006427513
   -0.0065829348
    0.0063349823
    0.0051148821
    0.0034594663
    0.0007081443
   -0.0041407968
   -0.0132158816
    0.0063349823
    0.0051148821
    0.0034594663
    0.0007081443
   -0.0041407968
   -0.0132158816
    0.0062929327
    0.0047622443
    0.0027344068
   -0.0006427513
   -0.0065829348
    0.0039107994
    0.0008754070
   -0.0040177719
    0.0023917757
    0.0020888464
   -0.0001869699
   -0.0037053122
    0.0000407442
    0.0026580857
   -0.0001869699
   -0.0037053122
    0.0000407442
    0.0026580857
    0.0020888464
    0.0014725069
    0.0012965419
    0.0016834976
   -0.0016281677
    0.0007205016
   -0.0031592764
   -0.0032355206
   -0.0021958662
   -0.0047047348
   -0.0033640780
   -0.0021958662
   -0.0047047348
   -0.0033640780
    0.0007205016
   -0.0031592764
   -0.0032355206
    0.0016834976
   -0.0016281677
    0.0014725069
    0.0012965419
    0.0030426452
    0.0010727832
    0.0049217588
    0.0043420850
   -0.0016859273
    0.0051954146
    0.0078731799
    0.0067582720
    0.0026447320
    0.0000044983
    0.0068703147
    0.0096967667
    0.0095209405
    0.0067935694
    0.0017633002
    0.0010000651
    0.0077593238
    0.0106427045
    0.0107904177
    0.0086438439
    0.0043037977
    0.0010000651
    0.0077593238
    0.0106427045
    0.0107904177
    0.0086438439
    0.0043037977
    0.0000044983
    0.0068703147
    0.0096967667
    0.0095209405
    0.0067935694
    0.0017633002
   -0.0016859273
    0.0051954146
    0.0078731799
    0.0067582720
    0.0026447320
    0.0010727832
    0.0049217588
    0.0043420850
    0.0030426452
   -0.0093377814
   -0.0118744821
   -0.0073069841
   -0.0125527881
   -0.0163153221
   -0.0167240791
   -0.0140198179
   -0.0076627868
   -0.0163619075
   -0.0194577787
   -0.0200557999
   -0.0186475743
   -0.0147484649
   -0.0068499870
   -0.0154969522
   -0.0199376908
   -0.0215344939
   -0.0212956114
   -0.0193833999
   -0.0149662791
   -0.0154969522
   -0.0199376908
   -0.0215344939
   -0.0212956114
   -0.0193833999
   -0.0149662791
   -0.0163619075
   -0.0194577787
   -0.0200557999
   -0.0186475743
   -0.0147484649
   -0.0068499870
   -0.0125527881
   -0.0163153221
   -0.0167240791
   -0.0140198179
   -0.0076627868
   -0.0093377814
   -0.0118744821
   -0.0073069841
    0.0021624463
   -0.0012016131
    0.0061226176
    0.0064676486
    0.0061226176
    0.0064676486
    0.0021624463
   -0.0012016131
    0.0014647496
    0.0039345630
    0.0053115086
    0.0060306786
    0.0063384366
    0.0060371137
    0.0058292872
    0.0018331485
    0.0039193701
    0.0051655351
    0.0058231760
    0.0060696363
    0.0057375008
    0.0052929083
    0.0044209336
    0.0017138007
    0.0035063048
    0.0048303644
    0.0055843063
    0.0058532000
    0.0053917725
    0.0046539628
    0.0031959035
    0.0011724761
    0.0029953368
    0.0039831172
    0.0050260206
    0.0055224824
    0.0049144984
    0.0039308466
    0.0029722363
    0.0034695534
    0.0041558781
    0.0049049385
    0.0042648073
    0.0042648073
    0.0049144984
    0.0039308466
    0.0029722363
    0.0034695534
    0.0041558781
    0.0049049385
    0.0053917725
    0.0046539628
    0.0031959035
    0.0011724761
    0.0029953368
    0.0039831172
    0.0050260206
    0.0055224824
    0.0057375008
    0.0052929083
    0.0044209336
    0.0017138007
    0.0035063048
    0.0048303644
    0.0055843063
    0.0058532000
    0.0060371137
    0.0058292872
    0.0018331485
    0.0039193701
    0.0051655351
    0.0058231760
    0.0060696363
    0.0014647496
    0.0039345630
    0.0053115086
    0.0060306786
    0.0063384366
    0.0019019294
    0.0031601340
    0.0004690441
   -0.0034553115
    0.0054257553
    0.0039943500
    0.0022528995
   -0.0003285911
   -0.0043909780
    0.0054781011
    0.0043635604
    0.0029975898
    0.0010055718
   -0.0021093260
   -0.0071747537
    0.0054923932
    0.0044738829
    0.0032143190
    0.0013824695
   -0.0014682761
   -0.0060879239
    0.0054781011
    0.0043635604
    0.0029975898
    0.0010055718
   -0.0021093260
   -0.0071747537
    0.0054257553
    0.0039943500
    0.0022528995
   -0.0003285911
   -0.0043909780
    0.0031601340
    0.0004690441
   -0.0034553115
    0.0019019294
    0.0014512713
   -0.0002333150
   -0.0027897095
   -0.0001157787
    0.0021408463
   -0.0055862373
   -0.0001297507
   -0.0055862373
   -0.0001297507
   -0.0002333150
   -0.0027897095
   -0.0001157787
    0.0021408463
    0.0014512713
    0.0017524803
    0.0018409236
   -0.0001193307
    0.0011554425
   -0.0013456108
   -0.0010969206
   -0.0016269168
   -0.0025824713
   -0.0005663604
   -0.0026899338
   -0.0026242535
   -0.0016269168
   -0.0025824713
    0.0011554425
   -0.0013456108
   -0.0010969206
    0.0018409236
   -0.0001193307
    0.0017524803
    0.0022739081
    0.0033750230
    0.0033359293
   -0.0018331245
    0.0033435185
    0.0056044637
    0.0050264692
    0.0023797130
   -0.0038152938
    0.0026560684
    0.0061584842
    0.0073280004
    0.0065887020
    0.0042336060
    0.0009058793
    0.0056196805
    0.0079035613
    0.0083540718
    0.0072724534
    0.0048154904
   -0.0022892609
    0.0039486019
    0.0073172624
    0.0086726066
    0.0084401487
    0.0068227436
    0.0039219853
    0.0009058793
    0.0056196805
    0.0079035613
    0.0083540718
    0.0072724534
    0.0048154904
   -0.0038152938
    0.0026560684
    0.0061584842
    0.0073280004
    0.0065887020
    0.0042336060
   -0.0018331245
    0.0033435185
    0.0056044637
    0.0050264692
    0.0023797130
    0.0033750230
    0.0033359293
    0.0022739081
   -0.0089365192
   -0.0094198550
   -0.0124630235
   -0.0128353102
   -0.0106343850
   -0.0057741257
   -0.0125339714
   -0.0151748517
   -0.0157577734
   -0.0145477609
   -0.0112575323
   -0.0051358999
   -0.0152246415
   -0.0170869468
   -0.0173557187
   -0.0162570547
   -0.0135072366
   -0.0082451484
   -0.0143833844
   -0.0169564466
   -0.0179131710
   -0.0176647568
   -0.0162509949
   -0.0132886009
   -0.0078872591
   -0.0152246415
   -0.0170869468
   -0.0173557187
   -0.0162570547
   -0.0135072366
   -0.0082451484
   -0.0125339714
   -0.0151748517
   -0.0157577734
   -0.0145477609
   -0.0112575323
   -0.0051358999
   -0.0094198550
   -0.0124630235
   -0.0128353102
   -0.0106343850
   -0.0057741257
   -0.0089365192
