    0.0099707071
    0.0076833721
    0.0071138717
    0.0037225418
    0.0002070620
   -0.0004383990
    0.0058367405
    0.0081379446
    0.0090270313
    0.0083190489
    0.0069965035
    0.0064963659
    0.0081324813
    0.0096353829
    0.0100834243
    0.0095031119
    0.0091919939
    0.0101441663
    0.0099408302
    0.0091506897
    0.0099238079
    0.0102380222
    0.0099592685
    0.0098688000
    0.0082014564
    0.0062723475
   -0.0014044742
    0.0065127418
    0.0091956497
    0.0073518632
    0.0021296216
    0.0070584418
    0.0092575741
    0.0098153785
    0.0083307034
    0.0067010376
    0.0090314074
    0.0101881410
    0.0099160747
    0.0091023085
    0.0092539823
    0.0101614480
    0.0098844858
    0.0099551680
   -0.0076117721
    0.0018934790
   -0.0032627002
   -0.0092200619
   -0.0146578721
   -0.0148789631
    0.0083029848
    0.0054193618
    0.0031470513
    0.0006674281
   -0.0013321292
   -0.0010744554
    0.0031875786
    0.0086069224
    0.0070971554
    0.0058017282
    0.0046364549
    0.0048557154
    0.0087786164
    0.0078435038
    0.0072886420
    0.0085014470
    0.0087311040
    0.0012961441
    0.0041024388
   -0.0081455359
    0.0039726885
    0.0006796856
    0.0018149395
   -0.0035861671
    0.0062918581
    0.0026934718
   -0.0041866215
   -0.0074830740
   -0.0080673898
   -0.0045133826
    0.0024393069
   -0.0036803505
   -0.0086412161
   -0.0117161585
   -0.0125053032
   -0.0096255065
   -0.0058996134
   -0.0087216254
   -0.0058119478
    0.0176137592
    0.0149121835
    0.0105453215
    0.0121316285
    0.0180758144
    0.0194581856
    0.0176528009
    0.0103464247
    0.0039549117
   -0.0084404929
   -0.0053710309
    0.0085242778
    0.0162471743
    0.0178495139
    0.0163010079
    0.0136025090
    0.0115969000
    0.0051284714
   -0.0034932770
    0.0098991101
    0.0132069892
    0.0121254727
    0.0090841950
    0.0051854867
    0.0018678841
    0.0018587806
    0.0059954708
    0.0064134984
    0.0021122778
   -0.0150706818
   -0.0154661858
   -0.0265094649
   -0.0272749962
   -0.0148417281
   -0.0137146627
   -0.0248404883
   -0.0310162653
   -0.0327859161
   -0.0305232385
   -0.0228305873
   -0.0211391469
   -0.0293339164
   -0.0334032586
   -0.0339124289
   -0.0313668479
   -0.0255126255
   -0.0147805692
   -0.0158554892
   -0.0261391650
   -0.0314254028
   -0.0321819312
   -0.0290538506
   -0.0222351731
   -0.0110737933
   -0.0242556336
   -0.0213567568
   -0.0114989655
    0.0083978440
    0.0023496379
    0.0045977060
    0.0060994994
    0.0058426265
    0.0045046789
    0.0030393126
    0.0024980284
    0.0044036085
    0.0057776504
    0.0070508308
    0.0073525550
    0.0068776890
    0.0062848947
    0.0064247839
    0.0065532157
    0.0072905815
    0.0080091430
    0.0080727361
    0.0078314402
    0.0080228446
    0.0086280911
    0.0083912386
    0.0076979332
    0.0080624918
    0.0083442042
    0.0083844492
    0.0082438395
    0.0057185970
    0.0043586170
    0.0066911408
    0.0051022721
    0.0000726965
    0.0046852537
    0.0066380499
    0.0074964981
    0.0063422691
    0.0046682889
    0.0024980284
    0.0052311069
    0.0070478395
    0.0077863451
    0.0079595167
    0.0070947723
    0.0058304271
    0.0065293485
    0.0076946895
    0.0082497121
    0.0081714074
    0.0078466542
    0.0080896604
    0.0079942209
    0.0083357885
    0.0084186601
    0.0085372261
   -0.0007032692
   -0.0068987071
   -0.0140899562
    0.0032902749
    0.0004132167
   -0.0025560619
   -0.0055452751
   -0.0077347856
   -0.0076029565
   -0.0036262329
    0.0072029636
    0.0049942217
    0.0032541192
    0.0015584970
    0.0001771499
   -0.0000765946
    0.0017451556
    0.0073400455
    0.0059802592
    0.0048770722
    0.0040068866
    0.0039398530
    0.0054632726
    0.0074003509
    0.0063762105
    0.0060076697
    0.0072699638
    0.0073733101
    0.0004921680
    0.0011920439
   -0.0069549602
    0.0029698539
   -0.0017991178
    0.0002925933
   -0.0055150752
    0.0017515143
    0.0034681017
   -0.0071112008
    0.0000178950
    0.0025940485
    0.0006801022
   -0.0017272701
   -0.0022457967
   -0.0004595149
    0.0002292103
   -0.0028094466
   -0.0052584073
   -0.0067507738
   -0.0067557914
   -0.0045782312
    0.0009729824
   -0.0030716322
   -0.0060598323
   -0.0074813416
   -0.0067685225
    0.0126709114
    0.0108955449
    0.0073901084
    0.0085106633
    0.0130937388
    0.0144971007
    0.0132762081
    0.0080265498
    0.0033723862
   -0.0041089086
   -0.0050541086
    0.0027001101
    0.0099689073
    0.0133413901
    0.0137836600
    0.0126501069
    0.0110131907
    0.0096619798
    0.0047734203
    0.0003866978
    0.0041500572
    0.0098542508
    0.0112719053
    0.0104591855
    0.0085451434
    0.0062959728
    0.0046515599
    0.0045051771
    0.0017835256
    0.0067038368
    0.0070668338
    0.0052980592
    0.0025158155
    0.0037329426
   -0.0095430518
   -0.0105035044
   -0.0192090462
   -0.0194860148
   -0.0091507977
   -0.0103249618
   -0.0183080610
   -0.0231824889
   -0.0250974381
   -0.0241454543
   -0.0197903155
   -0.0099546146
   -0.0163827731
   -0.0224071494
   -0.0258378489
   -0.0268683673
   -0.0257018816
   -0.0222152178
   -0.0156257716
   -0.0124618762
   -0.0195380226
   -0.0240973255
   -0.0262610492
   -0.0262461683
   -0.0242403991
   -0.0202173327
   -0.0138512187
   -0.0212289843
   -0.0231286631
   -0.0219126630
   -0.0178150903
   -0.0108054834
   -0.0096516735
   -0.0023264025
    0.0012017983
    0.0072459352
    0.0071417963
    0.0072459352
    0.0035343419
    0.0041315258
    0.0029631698
    0.0010501472
   -0.0005274219
   -0.0007024679
    0.0027846554
    0.0045315121
    0.0052491812
    0.0050389738
    0.0043286537
    0.0036851394
    0.0037263115
    0.0043900848
    0.0054209135
    0.0060729659
    0.0061501914
    0.0058838259
    0.0057046225
    0.0061024493
    0.0056173850
    0.0060730254
    0.0066069437
    0.0067408673
    0.0067012391
    0.0069751247
    0.0074134722
    0.0065578901
    0.0067362803
    0.0069968735
    0.0071736621
    0.0070112095
    0.0039505328
    0.0028917840
    0.0048425565
    0.0033483236
   -0.0005932101
    0.0032298036
    0.0048258988
    0.0056786200
    0.0045731845
    0.0025468094
    0.0006662668
    0.0035463973
    0.0052472700
    0.0059215481
    0.0062876706
    0.0054752790
    0.0038137718
    0.0052210702
    0.0062058833
    0.0065666295
    0.0066768544
    0.0061626026
    0.0057403985
    0.0060620496
    0.0066426234
    0.0068954038
    0.0069538824
    0.0068320535
    0.0069504572
    0.0070672746
    0.0073098605
    0.0074537284
   -0.0090808717
    0.0014711117
   -0.0019408003
   -0.0054860197
   -0.0091766696
   -0.0123897811
    0.0034682117
    0.0013854578
   -0.0006280515
   -0.0025597141
   -0.0040247949
   -0.0043141693
   -0.0026481260
    0.0062403051
    0.0045382748
    0.0031503342
    0.0018878979
    0.0008740099
    0.0005140229
    0.0013289620
    0.0063149765
    0.0050778131
    0.0040813304
    0.0034111050
    0.0034974944
    0.0048520547
    0.0063400607
    0.0053581965
    0.0051003364
    0.0062613714
    0.0063232880
    0.0000407444
   -0.0065294172
    0.0025411516
    0.0020888464
   -0.0030469285
   -0.0037998377
    0.0035851943
   -0.0052715205
   -0.0025194087
    0.0017356236
   -0.0057864480
    0.0000157297
    0.0034113693
    0.0027055763
    0.0013891292
    0.0009555906
    0.0017280203
    0.0002795883
   -0.0016186382
   -0.0028332724
   -0.0029908556
   -0.0017732097
    0.0007196520
    0.0024811292
    0.0009635157
   -0.0012080852
   -0.0031527437
   -0.0044708174
   -0.0048391659
   -0.0038208633
   -0.0013298928
   -0.0031181569
   -0.0035985424
    0.0093398632
    0.0081237187
    0.0053115672
    0.0061219219
    0.0097000501
    0.0110194792
    0.0101631518
    0.0062270177
    0.0024083011
   -0.0026945078
   -0.0032575576
    0.0019636809
    0.0073929613
    0.0102645639
    0.0109034757
    0.0102452607
    0.0090982771
    0.0079345517
    0.0040761595
    0.0003256644
   -0.0000715918
    0.0060662818
    0.0088304026
    0.0094403954
    0.0088146949
    0.0075715258
    0.0062192281
    0.0052611635
    0.0048731444
   -0.0026127864
    0.0041702351
    0.0066467816
    0.0067931670
    0.0056989457
    0.0039869196
    0.0021164425
    0.0024265911
    0.0040450235
    0.0030859227
   -0.0072559763
   -0.0141270365
   -0.0141501887
   -0.0077046862
   -0.0140193828
   -0.0179236677
   -0.0194376046
   -0.0185059569
   -0.0146539994
   -0.0127859824
   -0.0173581012
   -0.0202173671
   -0.0213941321
   -0.0209527097
   -0.0188216108
   -0.0146173039
   -0.0074275100
   -0.0105088578
   -0.0157516942
   -0.0193460459
   -0.0213022992
   -0.0217121516
   -0.0206614425
   -0.0181277085
   -0.0139074295
   -0.0076380148
   -0.0130660487
   -0.0172701968
   -0.0196518416
   -0.0202649139
   -0.0192150164
   -0.0165594293
   -0.0122521196
   -0.0159063483
   -0.0159857602
   -0.0137995167
   -0.0094518332
    0.0002543106
   -0.0028578868
    0.0061483946
    0.0065378666
    0.0061114184
    0.0064418721
    0.0061663848
    0.0017668625
    0.0021796869
    0.0034695532
    0.0036961054
    0.0031835312
    0.0023429365
    0.0016201954
    0.0014647488
    0.0027366420
    0.0038832047
    0.0045020170
    0.0045880456
    0.0043227631
    0.0039793865
    0.0038685092
    0.0043051077
    0.0036235997
    0.0042603539
    0.0049144981
    0.0052518697
    0.0052724381
    0.0051676943
    0.0052119156
    0.0056695612
    0.0048577755
    0.0051611450
    0.0055768834
    0.0057456445
    0.0058135361
    0.0061044512
    0.0056418809
    0.0057375004
    0.0059816554
    0.0062085206
    0.0060371133
    0.0034695532
    0.0020180973
    0.0023961323
    0.0035722019
    0.0042648071
    0.0032589630
    0.0012999386
    0.0005617613
    0.0027985208
    0.0040608166
    0.0045242100
    0.0049144981
    0.0041732266
    0.0029875746
    0.0014647488
    0.0030667774
    0.0042672724
    0.0049794611
    0.0051906644
    0.0053917722
    0.0048581737
    0.0042028078
    0.0037052684
    0.0043380486
    0.0050368830
    0.0055057457
    0.0056290731
    0.0057375004
    0.0054134067
    0.0053903479
    0.0055266455
    0.0058072895
    0.0059059418
    0.0060371133
    0.0061377365
    0.0061314214
   -0.0031585538
   -0.0067236907
   -0.0105308300
    0.0023421821
    0.0001597929
   -0.0019636975
   -0.0040927501
   -0.0060879238
   -0.0075806177
   -0.0079880705
   -0.0066691720
    0.0034804863
    0.0019643858
    0.0005549912
   -0.0007672810
   -0.0018636437
   -0.0024498773
   -0.0021598990
   -0.0006869809
    0.0054257551
    0.0041034636
    0.0029795199
    0.0019894732
    0.0012038070
    0.0008406187
    0.0011950931
    0.0025058818
    0.0054781009
    0.0043853752
    0.0035057995
    0.0029775297
    0.0031337138
    0.0043022893
    0.0054923931
    0.0046004088
    0.0044103176
    0.0054257551
    0.0054781009
   -0.0003377128
   -0.0052715047
    0.0006716293
   -0.0033238297
    0.0022785028
   -0.0005739953
   -0.0056764012
   -0.0055539878
   -0.0003446167
   -0.0035438352
    0.0003542995
    0.0021618515
   -0.0050739978
   -0.0009178912
    0.0005550582
   -0.0003729410
   -0.0005650384
    0.0000832014
    0.0013360608
    0.0019549821
    0.0006296372
   -0.0007201205
   -0.0018168358
   -0.0024563868
   -0.0024332708
   -0.0015467443
    0.0002890398
    0.0019605916
    0.0005937547
   -0.0009431353
   -0.0021691524
   -0.0027955357
   -0.0025434814
    0.0070189167
    0.0061584847
    0.0038876079
    0.0044856710
    0.0073172630
    0.0085143038
    0.0078957859
    0.0048556967
    0.0017541697
   -0.0018849883
   -0.0022505678
    0.0014274569
    0.0055641756
    0.0079857056
    0.0086938107
    0.0083270334
    0.0074875922
    0.0064702941
    0.0033750234
    0.0003929175
   -0.0024915648
    0.0029192186
    0.0061584847
    0.0076121665
    0.0078626279
    0.0073889771
    0.0065623103
    0.0056985115
    0.0050310206
    0.0044895654
    0.0022739084
   -0.0010199008
    0.0035428682
    0.0056883175
    0.0062983199
    0.0059755347
    0.0051206465
    0.0040293223
    0.0029813002
    0.0022842470
    0.0021727313
    0.0024875791
    0.0002618880
    0.0033750234
    0.0042594523
    0.0038752897
    0.0027880077
    0.0025144774
   -0.0051358995
   -0.0105700832
   -0.0104718832
   -0.0057741253
   -0.0108477076
   -0.0140123953
   -0.0152124125
   -0.0143309737
   -0.0109867005
   -0.0102964421
   -0.0139533830
   -0.0162748988
   -0.0172321455
   -0.0168218582
   -0.0149451436
   -0.0112832455
   -0.0051358995
   -0.0087544492
   -0.0127415810
   -0.0156245937
   -0.0173537589
   -0.0179519649
   -0.0174503407
   -0.0158285456
   -0.0129650251
   -0.0086143216
   -0.0104916251
   -0.0137870048
   -0.0160202586
   -0.0171937397
   -0.0173405602
   -0.0164956041
   -0.0146621552
   -0.0117974031
   -0.0078496989
   -0.0118677107
   -0.0142694967
   -0.0152945276
   -0.0149717713
   -0.0133524893
   -0.0104652763
   -0.0111359805
   -0.0095390019
