   1.4715921600   -0.0662893200   -3.8501271819
  -2.5091410668   -0.0816375289   -1.4179862893
  -2.5091410668   -1.1756821911   -1.4179862893
  -2.0007131610   -2.1444106296   -1.4179862893
  -1.1003320555   -2.7658988335   -1.4179862893
  -0.0142642107   -2.8977713451   -1.4179862893
  -2.0007131610    0.8870909096   -2.4614138291
  -2.5091410668   -0.0816375289   -2.4614138291
  -2.5091410668   -1.1756821911   -2.4614138291
  -2.0007131610   -2.1444106296   -2.4614138291
  -1.1003320555   -2.7658988335   -2.4614138291
  -0.0142642107   -2.8977713451   -2.4614138291
  -1.7727537457    0.4487805628   -3.4015095584
  -2.1228353606   -0.6286598600   -3.4015095584
  -1.7727537457   -1.7061002828   -3.4015095584
  -0.8562281791   -2.3719950850   -3.4015095584
   0.2766597244   -2.3719950850   -3.4015095584
   0.7274824056   -0.6286598600   -4.0520759885
   0.2188490891    0.2523188865   -4.0520759885
  -0.7984175438    0.2523188865   -4.0520759885
  -1.3070508603   -0.6286598600   -4.0520759885
  -0.7984175438   -1.5096386065   -4.0520759885
   0.2188490891   -1.5096386065   -4.0520759885
  -0.2897842273   -0.6286598600   -4.2842604592
   3.2076185865   -0.6286598600    0.0628900825
   2.8575369716    0.4487805628    0.0628900825
   1.9410114050   -2.3719950850    0.0628900825
   2.8575369716   -1.7061002828    0.0628900825
   3.6603448290   -0.6286598600   -0.8772056468
   3.3985228039    0.4335938526   -0.8772056468
   1.6500874699   -2.8977713451   -0.8772056468
   2.6730369993   -2.5098177613   -0.8772056468
   3.3985228039   -1.6909135726   -0.8772056468
   3.6603448290   -0.6286598600   -1.9206331866
   3.3985228039    0.4335938526   -1.9206331866
   1.6500874699   -2.8977713451   -1.9206331866
   2.6730369993   -2.5098177613   -1.9206331866
   3.3985228039   -1.6909135726   -1.9206331866
   3.2076185865   -0.6286598600   -2.8607289159
   2.8575369716    0.4487805628   -2.8607289159
   1.9410114050   -2.3719950850   -2.8607289159
   2.8575369716   -1.7061002828   -2.8607289159
   2.3918340862   -0.6286598600   -3.5112953460
   1.8832007697   -1.5096386065   -3.5112953460
   2.0768175010    1.9822993928   -0.3658666604
   2.6178033333    1.9671126826   -1.3059623897
   1.8923175286    2.7860168713   -1.3059623897
   0.8693679993    3.1739704551   -1.3059623897
  -0.2166998455    3.0420979435   -1.3059623897
  -1.1170809511    2.4206097396   -1.3059623897
   2.8796253584    0.9048589700   -2.3493899296
   2.6178033333    1.9671126826   -2.3493899296
   1.8923175286    2.7860168713   -2.3493899296
   0.8693679993    3.1739704551   -2.3493899296
  -0.2166998455    3.0420979435   -2.3493899296
  -1.1170809511    2.4206097396   -2.3493899296
  -1.6255088568    1.4518813011   -2.3493899296
   2.4268991159    0.9048589700   -3.2894856589
   2.0768175010    1.9822993928   -3.2894856589
   1.1602919343    2.6481941950   -3.2894856589
   0.0274040309    2.6481941950   -3.2894856589
  -0.8891215358    1.9822993928   -3.2894856589
   1.6111146155    0.9048589700   -3.9400520890
   1.1024812991    1.7858377165   -3.9400520890
   0.0852146661    1.7858377165   -3.9400520890
  -0.4234186503    0.9048589700   -3.9400520890
   0.5938479826    0.9048589700   -4.1722365596
   1.8778392806    0.0984937800    1.9311797296
   2.4575254285    0.0984937800    1.0636181001
   2.2128584703    1.1704497639    1.0636181001
   2.2128584703   -0.9734622039    1.0636181001
   2.4575254285    1.1218524974    0.0402593826
  -2.6872462664    0.0984937800    0.0402593826
  -2.2390206031    1.1704497639   -0.9830993348
  -2.4836875612    0.0984937800   -0.9830993348
   2.1329241924   -1.0762091500    1.1719519020
  -0.7279775777   -3.3577021799    1.1719519020
   0.3134942142   -3.3577021799    1.1719519020
   1.2518278754   -2.9058245046    1.1719519020
   1.9011749166   -2.0915690696    1.1719519020
  -2.5474075560   -1.0762091500    0.1036967224
  -2.3156582801   -2.0915690696    0.1036967224
  -1.6663112390   -2.9058245046    0.1036967224
  -0.7279775777   -3.3577021799    0.1036967224
   0.3134942142   -3.3577021799    0.1036967224
   1.2518278754   -2.9058245046    0.1036967224
  -1.4361974220   -2.4944996802   -0.8587679373
  -0.4743192883   -2.9337747051   -0.8587679373
   0.5723540984   -2.7832857912   -0.8587679373
  -0.4970144636   -0.9101660100    3.8742136324
   0.5202521693   -0.9101660100    3.6420291617
   0.0116188529   -0.0291872635    3.6420291617
  -1.0056477801   -0.0291872635    3.6420291617
  -1.5142810965   -0.9101660100    3.6420291617
  -1.0056477801   -1.7911447565    3.6420291617
   0.0116188529   -1.7911447565    3.6420291617
   1.3360366697   -0.9101660100    2.9914627316
   0.9859550548    0.1672744128    2.9914627316
   0.0694294881    0.8331692150    2.9914627316
  -1.0634584153    0.8331692150    2.9914627316
  -1.9799839820    0.1672744128    2.9914627316
  -2.3300655969   -0.9101660100    2.9914627316
  -1.9799839820   -1.9876064328    2.9914627316
  -1.0634584153   -2.6535012350    2.9914627316
   0.0694294881   -2.6535012350    2.9914627316
   0.9859550548   -1.9876064328    2.9914627316
   1.7887629122   -0.9101660100    2.0513670023
  -2.2079433973    0.6055847596    2.0513670023
  -2.7163713030   -0.3631436789    2.0513670023
  -2.7163713030   -1.4571883411    2.0513670023
  -2.2079433973   -2.4259167796    2.0513670023
  -1.3075622917   -3.0474049835    2.0513670023
  -0.2214944469   -3.1792774951    2.0513670023
   0.8014550824   -2.7913239113    2.0513670023
   1.5269408871   -1.9724197226    2.0513670023
  -2.7163713030   -0.3631436789    1.0079394624
  -2.7163713030   -1.4571883411    1.0079394624
  -2.2079433973   -2.4259167796    1.0079394624
  -0.1936790711    1.1316051000    2.9964304887
   0.8477927207    1.1316051000    2.7587213485
   0.3270568248    2.0335461291    2.7587213485
  -0.7144149671    2.0335461291    2.7587213485
  -1.2351508630    1.1316051000    2.7587213485
   1.6829882514    1.1316051000    2.0926751382
   1.3850739439    2.1462080554    2.0926751382
   0.5859167091    2.8386817412    2.0926751382
  -0.4607566776    2.9891706551    2.0926751382
  -1.4226348113    2.5498956302    2.0926751382
  -1.9943281809    1.6603233831    2.0926751382
   1.9147375272    2.1469650196    1.1302104785
   1.2653904861    2.9612204546    1.1302104785
   0.3270568248    3.4130981299    1.1302104785
  -0.7144149671    3.4130981299    1.1302104785
  -1.6527486283    2.9612204546    1.1302104785
  -2.3020956695    2.1469650196    1.1302104785
  -2.5338449453    1.1316051000    1.1302104785
   1.9147375272    2.1469650196    0.0619552989
   1.2653904861    2.9612204546    0.0619552989
   0.3270568248    3.4130981299    0.0619552989
  -0.7144149671    3.4130981299    0.0619552989
  -1.6527486283    2.9612204546    0.0619552989
  -2.3020956695    2.1469650196    0.0619552989
  -2.5338449453    1.1316051000    0.0619552989
  -0.4607566776    2.9891706551   -0.9005093608
  -1.4226348113    2.5498956302   -0.9005093608
  -1.9943281809    1.6603233831   -0.9005093608
   1.4935115740   -0.0662893200   -4.2513987501
  -2.5201623828   -1.7027533700   -0.9143007206
  -2.7653172174    0.3967394786   -1.9397000592
  -2.9692818273   -0.6286598600   -1.9397000592
  -2.7653172174   -1.6540591986   -1.9397000592
  -2.1844751505   -2.5233507831   -1.9397000592
  -1.3151835659   -3.1041928501   -1.9397000592
  -0.2897842273   -3.3081574600   -1.9397000592
  -1.8332538008    1.3067897675   -2.9650993978
  -2.5201623828    0.4454336500   -2.9650993978
  -2.7653172174   -0.6286598600   -2.9650993978
  -2.5201623828   -1.7027533700   -2.9650993978
  -1.8332538008   -2.5641094875   -2.9650993978
  -0.8406421403   -3.0421260695   -2.9650993978
   0.2610736857   -3.0421260695   -2.9650993978
  -1.5305429159    0.8032519987   -3.8343909823
  -2.1077268552   -0.0948637418   -3.8343909823
  -2.1077268552   -1.1624559782   -3.8343909823
  -1.5305429159   -2.0605717187   -3.8343909823
  -0.5594268596   -2.5040655615   -3.8343909823
   0.4972988271   -2.3521313450   -3.8343909823
   0.7356151113   -0.6286598600   -4.4152330492
   0.2229154420    0.2593620162   -4.4152330492
  -0.8024838966    0.2593620162   -4.4152330492
  -1.3151835659   -0.6286598600   -4.4152330492
  -0.8024838966   -1.5166817362   -4.4152330492
   0.2229154420   -1.5166817362   -4.4152330492
  -0.2897842273   -0.6286598600   -4.6191976592
   3.2692583764   -0.6286598600    0.4957715064
   2.9684828860   -1.6530071095    0.4957715064
   3.8501004433   -0.6286598600   -0.3735200781
   3.6049456088    0.4454336500   -0.3735200781
   1.9254253663   -3.0421260695   -0.3735200781
   2.9180370267   -2.5641094875   -0.3735200781
   3.6049456088   -1.7027533700   -0.3735200781
   4.0540650533   -0.6286598600   -1.3989194167
   3.8501004433    0.3967394786   -1.3989194167
   3.2692583764    1.2660310631   -1.3989194167
   1.3745674533   -3.3081574600   -1.3989194167
   2.3999667919   -3.1041928501   -1.3989194167
   3.2692583764   -2.5233507831   -1.3989194167
   3.8501004433   -1.6540591986   -1.3989194167
   3.8501004433   -0.6286598600   -2.4243187553
   3.6049456088    0.4454336500   -2.4243187553
   0.8237095403   -3.0421260695   -2.4243187553
   1.9254253663   -3.0421260695   -2.4243187553
   2.9180370267   -2.5641094875   -2.4243187553
   3.6049456088   -1.7027533700   -2.4243187553
   3.2692583764   -0.6286598600   -3.2936103398
   2.9684828860    0.3956873895   -3.2936103398
   1.1049248210   -2.5040655615   -3.2936103398
   2.1616505077   -2.3521313450   -3.2936103398
   2.9684828860   -1.6530071095   -3.2936103398
   2.3999667919   -0.6286598600   -3.8744524068
   1.8872671226   -1.5166817362   -3.8744524068
   2.8242261381    1.9789524800   -0.8022768211
   2.1373175561    2.8403085975   -0.8022768211
   1.1447058956    3.3183251795   -0.8022768211
   3.0693809727    1.9302583086   -1.8276761596
   2.4885389057    2.7995498931   -1.8276761596
   1.6192473212    3.3803919601   -1.8276761596
   0.5938479826    3.5843565700   -1.8276761596
  -0.4315513560    3.3803919601   -1.8276761596
  -1.3008429405    2.7995498931   -1.8276761596
  -1.8816850075    1.9302583086   -1.8276761596
   3.0693809727    0.9048589700   -2.8530754982
   2.8242261381    1.9789524800   -2.8530754982
   2.1373175561    2.8403085975   -2.8530754982
   1.1447058956    3.3183251795   -2.8530754982
   0.0429900696    3.3183251795   -2.8530754982
  -0.9496215909    2.8403085975   -2.8530754982
  -1.6365301729    1.9789524800   -2.8530754982
   2.4885389057    0.9048589700   -3.7223670828
   2.1877634153    1.9292062195   -3.7223670828
   1.3809310371    2.6283304550   -3.7223670828
   0.3242053503    2.7802646715   -3.7223670828
  -0.6469107059    2.3367708287   -3.7223670828
  -1.2240946453    1.4386550882   -3.7223670828
   1.6192473212    0.9048589700   -4.3032091497
   1.1065476519    1.7928808462   -4.3032091497
   0.0811483133    1.7928808462   -4.3032091497
  -0.4315513560    0.9048589700   -4.3032091497
   0.5938479826    0.9048589700   -4.5071737596
   1.9513992271    0.0984937800    2.3814358300
   2.6336560732    0.0984937800    1.5683537826
   2.4321852048    1.1113562331    1.5683537826
   2.4321852048   -0.9143686731    1.5683537826
   2.8151667159    1.1278917879    0.5709609983
  -3.0228394913    0.0984937800    0.5709609983
  -2.8413288486    1.1278917879   -0.4904422331
  -3.0228394913    0.0984937800   -0.4904422331
  -2.8413288486   -0.9309042279   -0.4904422331
  -1.8846068458    1.9700195594   -1.4878350174
  -2.4583473376    1.1113562331   -1.4878350174
   2.3271949109   -1.0762091500    1.6876223219
  -0.4721624441   -3.5967618338    1.6876223219
   0.5759422965   -3.4866015866    1.6876223219
   1.4886274122   -2.9596625893    1.6876223219
   2.1080813551   -2.1070573818    1.6876223219
  -2.5396035803   -2.5203464971    0.6378243122
  -1.8604217996   -3.2653734200    0.6378243122
  -0.9579688834   -3.7147415777    0.6378243122
   0.0458739013   -3.8077613104    0.6378243122
   1.0155320240   -3.5318697877    0.6378243122
   1.8200477820   -2.9243276887    0.6378243122
  -2.6862947541   -1.6031481472   -0.4119736974
  -2.2576439564   -2.5659136020   -0.4119736974
  -1.4744599781   -3.2710956235   -0.4119736974
  -0.4721624441   -3.5967618338   -0.4119736974
   0.5759422965   -3.4866015866   -0.4119736974
  -0.4970144636   -0.9101660100    4.2091508324
   0.5283848750   -0.9101660100    4.0051862224
   0.0156852057   -0.0221441338    4.0051862224
  -1.0097141329   -0.0221441338    4.0051862224
  -1.5224138022   -0.9101660100    4.0051862224
  -1.0097141329   -1.7981878862    4.0051862224
   0.0156852057   -1.7981878862    4.0051862224
   1.3976764595   -0.9101660100    3.4243441555
   1.0969009691    0.1141812395    3.4243441555
   0.2900685909    0.8133054750    3.4243441555
  -0.7666570959    0.9652396915    3.4243441555
  -1.7377731521    0.5217458487    3.4243441555
  -2.3149570915   -0.3763698918    3.4243441555
  -2.3149570915   -1.4439621282    3.4243441555
  -1.7377731521   -2.3420778687    3.4243441555
  -0.7666570959   -2.7855717115    3.4243441555
   0.2900685909   -2.6336374950    3.4243441555
   1.0969009691   -1.9345132595    3.4243441555
   1.9785185265   -0.9101660100    2.5550525709
   1.7333636919    0.1639275000    2.5550525709
  -2.7273926191    0.1639275000    2.5550525709
  -2.9725474536   -0.9101660100    2.5550525709
  -2.7273926191   -1.9842595200    2.5550525709
  -2.0404840371   -2.8456156375    2.5550525709
  -1.0478723766   -3.3236322195    2.5550525709
   0.0538434494   -3.3236322195    2.5550525709
   1.0464551099   -2.8456156375    2.5550525709
   1.7333636919   -1.9842595200    2.5550525709
  -2.9725474536    0.1152333286    1.5296532324
  -3.1765120636   -0.9101660100    1.5296532324
  -2.9725474536   -1.9355653486    1.5296532324
  -2.3917053867   -2.8048569331    1.5296532324
  -1.5224138022   -3.3856990001    1.5296532324
  -2.9725474536   -0.9101660100    0.5042538938
  -0.1936790711    1.1316051000    3.3393372887
   0.8561189385    1.1316051000    3.1305194813
   0.3312199337    2.0407568452    3.1305194813
  -0.7185780760    2.0407568452    3.1305194813
  -1.2434770808    1.1316051000    3.1305194813
   1.7460947176    1.1316051000    2.5358566775
   1.4862143075    2.1014919944    2.5358566775
   0.7762078232    2.8114984787    2.5358566775
  -0.1936790711    3.0713788888    2.5358566775
  -1.1635659655    2.8114984787    2.5358566775
  -1.8735724498    2.1014919944    2.5358566775
  -2.1334528599    1.1316051000    2.5358566775
   2.1216439658    2.1624533318    1.6458808984
   1.5021900229    3.0150585393    1.6458808984
   0.5895049072    3.5419975366    1.6458808984
  -0.4585998334    3.6521577838    1.6458808984
  -1.4608973674    3.3264915735    1.6458808984
  -2.2440813457    2.6213095520    1.6458808984
  -2.6727321434    1.6585440972    1.6458808984
   2.3643294751    2.1225828902    0.5960828887
   1.8336103927    2.9797236387    0.5960828887
   1.0290946346    3.5872657377    0.5960828887
   0.0594365119    3.8631572604    0.5960828887
  -0.9444062728    3.7701375277    0.5960828887
  -1.8468591890    3.3207693700    0.5960828887
  -2.5260409697    2.5757424471    0.5960828887
  -2.8902243519    1.6356767732    0.5960828887
   0.5895049072    3.5419975366   -0.4537151209
  -0.4585998334    3.6521577838   -0.4537151209
  -1.4608973674    3.3264915735   -0.4537151209
  -2.2440813457    2.6213095520   -0.4537151209
  -2.6727321434    1.6585440972   -0.4537151209
  -1.8735724498    2.1014919944   -1.3436909000
   3.0286710676    1.9421459013   -0.3170546252
  -2.4275879490    1.4900273890   -2.4419867489
   2.4691639856   -0.0662893200   -4.1610929489
   1.5106995045   -0.0662893200   -4.6494549945
   0.4482334426   -0.0662893200   -4.8177330871
  -3.2078762730   -0.0831739189   -1.4162489495
  -3.2078762730   -1.1741458011   -1.4162489495
  -2.8137717726   -2.1914467843   -1.4162489495
  -2.0787887682   -2.9976847336   -1.4162489495
  -1.1021907874   -3.4839727466   -1.4162489495
  -0.0158727989   -3.5846349324   -1.4162489495
  -2.8137717726    0.9341270643   -2.4631511689
  -3.2078762730   -0.0831739189   -2.4631511689
  -3.2078762730   -1.1741458011   -2.4631511689
  -2.8137717726   -2.1914467843   -2.4631511689
  -2.0787887682   -2.9976847336   -2.4631511689
  -1.1021907874   -3.4839727466   -2.4631511689
  -0.0158727989   -3.5846349324   -2.4631511689
  -2.4017854784    0.9057988681   -3.4469174592
  -2.8433139688   -0.0858903580   -3.4469174592
  -2.8433139688   -1.1714293620   -3.4469174592
  -2.4017854784   -2.1631185881   -3.4469174592
  -1.5950727848   -2.8894859600   -3.4469174592
  -0.5626638414   -3.2249359603   -3.4469174592
   0.5169284663   -3.1114662364   -3.4469174592
  -1.5586694571    0.8357117577   -4.2488910869
  -2.1489374781   -0.0827632111   -4.2488910869
  -2.1489374781   -1.1745565089   -4.2488910869
  -1.5586694571   -2.0930314777   -4.2488910869
  -0.5655393412   -2.5465788047   -4.2488910869
   0.5151410750   -2.3912004181   -4.2488910869
   0.7412131950   -0.6286598600   -4.7723421966
  -0.8052829385    0.2642100990   -4.7723421966
  -1.3207816497   -0.6286598600   -4.7723421966
  -0.8052829385   -1.5215298190   -4.7723421966
   0.2257144838   -1.5215298190   -4.7723421966
  -0.2897842273   -0.6286598600   -4.9541348592
   3.3122087929   -0.6286598600    0.9102716110
   3.0046150756   -1.6762278578    0.9102716110
   3.9851445681   -0.6286598600    0.1082979833
   3.7594483184    0.4331575122    0.1082979833
   2.1812801469   -3.1114662364    0.1082979833
   3.1213845011   -2.5686967344    0.1082979833
   3.7594483184   -1.6904772322    0.1082979833
   4.3432062153   -0.6286598600   -0.8754683070
   4.1427406580    0.4437361527   -0.8754683070
   3.5684179704    1.3712991415   -0.8754683070
   1.6484788817   -3.5846349324   -0.8754683070
   2.6978036139   -3.2860763050   -0.8754683070
   3.5684179704   -2.6286188615   -0.8754683070
   4.1427406580   -1.7010558727   -0.8754683070
   4.3432062153   -0.6286598600   -1.9223705264
   4.1427406580    0.4437361527   -1.9223705264
   1.6484788817   -3.5846349324   -1.9223705264
   2.6978036139   -3.2860763050   -1.9223705264
   3.5684179704   -2.6286188615   -1.9223705264
   4.1427406580   -1.7010558727   -1.9223705264
   3.9851445681   -0.6286598600   -2.9061368167
   3.7594483184    0.4331575122   -2.9061368167
   1.1016878392   -3.2249359603   -2.9061368167
   2.1812801469   -3.1114662364   -2.9061368167
   3.1213845011   -2.5686967344   -2.9061368167
   3.7594483184   -1.6904772322   -2.9061368167
   3.3122087929   -0.6286598600   -3.7081104444
   3.0046150756    0.4189081378   -3.7081104444
   2.1794927556   -2.3912004181   -3.7081104444
   3.0046150756   -1.6762278578   -3.7081104444
   2.4055648756   -0.6286598600   -4.2315615541
   1.8900661644   -1.5215298190   -4.2315615541
   2.3406650304    2.8448958444   -0.3204587596
   3.3620211873    1.9772549827   -1.3042250499
   2.7876984997    2.9048179715   -1.3042250499
   1.9170841433    3.5622754150   -1.3042250499
   0.8677594110    3.8608340424   -1.3042250499
  -0.2185585774    3.7601718566   -1.3042250499
   3.3620211873    1.9772549827   -2.3511272694
   2.7876984997    2.9048179715   -2.3511272694
   1.9170841433    3.5622754150   -2.3511272694
   0.8677594110    3.8608340424   -2.3511272694
  -0.2185585774    3.7601718566   -2.3511272694
  -1.1951565583    3.2738838436   -2.3511272694
  -1.9301395626    2.4676458943   -2.3511272694
   3.2044250975    0.9048589700   -3.3348935596
   2.9787288477    1.9666763422   -3.3348935596
   2.3406650304    2.8448958444   -3.3348935596
   1.4005606762    3.3876653464   -3.3348935596
   0.3209683685    3.5011350703   -3.3348935596
  -0.7114405748    3.1656850700   -3.3348935596
  -1.5181532684    2.4393176981   -3.3348935596
   2.5314893222    0.9048589700   -4.1368671873
   2.2238956049    1.9524269678   -4.1368671873
   1.3987732849    2.6673995281   -4.1368671873
   0.3180928687    2.8227779147   -4.1368671873
  -0.6750372472    2.3692305877   -4.1368671873
  -1.2653052682    1.4507556189   -4.1368671873
   1.6248454049    0.9048589700   -4.6603182970
   1.1093466938    1.7977289290   -4.6603182970
   0.0783492714    1.7977289290   -4.6603182970
  -0.4371494397    0.9048589700   -4.6603182970
   0.5938479826    0.9048589700   -4.8421109596
   2.7684911955    0.0984937800    2.0611899256
   2.5567566146    1.1629554005    2.0611899256
   2.5567566146   -0.9659678405    2.0611899256
   3.2568532411    0.0984937800    1.1027254445
   3.0796791808    1.1602397140    1.1027254445
  -3.2384177319    0.6367072776    1.1027254445
   3.0796791808   -0.9632521540    1.1027254445
   2.8277033328    2.0353077888    0.0402593826
  -3.4128914746    0.6109327477    0.0402593826
  -3.4128914746   -0.4139451877    0.0402593826
  -2.8889024579    1.6548104890   -1.0222066792
  -3.2384177319    0.6367072776   -1.0222066792
  -3.2384177319   -0.4397197176   -1.0222066792
   2.4654523176   -1.0762091500    2.1809049122
   0.8155540316   -3.5454564327    2.1809049122
   1.6826383692   -2.9660892010    2.1809049122
   2.2620056009   -2.0990048633    2.1809049122
  -1.7268794202   -3.7082989220    1.1737305806
  -0.7350063298   -4.0693112031    1.1737305806
   0.3205229662   -4.0693112031    1.1737305806
   1.3123960566   -3.7082989220    1.1737305806
   2.1209784083   -3.0298177689    1.1737305806
   2.6487430563   -2.1157025842    1.1737305806
  -3.2465171586   -1.0762091500    0.1019180439
  -3.0632264199   -2.1157025842    0.1019180439
  -2.5354617719   -3.0298177689    0.1019180439
  -1.7268794202   -3.7082989220    0.1019180439
  -0.7350063298   -4.0693112031    0.1019180439
   0.3205229662   -4.0693112031    0.1019180439
   1.3123960566   -3.7082989220    0.1019180439
  -2.0971217328   -2.9660892010   -0.9052562878
  -1.2300373951   -3.5454564327   -0.9052562878
  -0.2072416818   -3.7489031494   -0.9052562878
  -0.4970144636   -0.9101660100    4.5440880324
   0.5339829587   -0.9101660100    4.3622953698
   0.0184842476   -0.0172960510    4.3622953698
  -1.0125131748   -0.0172960510    4.3622953698
  -1.5280118859   -0.9101660100    4.3622953698
  -1.0125131748   -1.8030359690    4.3622953698
   0.0184842476   -1.8030359690    4.3622953698
   1.4406268761   -0.9101660100    3.8388442600
   1.1330331587    0.1374019878    3.8388442600
   0.3079108387    0.8523745481    3.8388442600
  -0.7727695775    1.0077529347    3.8388442600
  -1.7658996934    0.5542056077    3.8388442600
  -2.3561677144   -0.3642693611    3.8388442600
  -2.3561677144   -1.4560626589    3.8388442600
  -1.7658996934   -2.3745376277    3.8388442600
  -0.7727695775   -2.8280849547    3.8388442600
   0.3079108387   -2.6727065681    3.8388442600
   1.1330331587   -1.9577340078    3.8388442600
   2.1135626513   -0.9101660100    3.0368706324
   1.8878664015    0.1516513622    3.0368706324
  -2.6090157146    0.6242927181    3.0368706324
  -3.0505442050   -0.3673965080    3.0368706324
  -3.0505442050   -1.4529355120    3.0368706324
  -2.6090157146   -2.4446247381    3.0368706324
  -1.8023030210   -3.1709921100    3.0368706324
  -0.7698940777   -3.5064421103    3.0368706324
   0.3096982300   -3.3929723864    3.0368706324
   1.2498025842   -2.8502028844    3.0368706324
   1.8878664015   -1.9719833822    3.0368706324
  -3.0210020088    0.6526209143    2.0531043421
  -3.4151065093   -0.3646800689    2.0531043421
  -3.4151065093   -1.4556519511    2.0531043421
  -3.0210020088   -2.4729529343    2.0531043421
  -2.2860190045   -3.2791908836    2.0531043421
  -1.3094210236   -3.7654788966    2.0531043421
  -0.2231030352   -3.8661410824    2.0531043421
  -3.4151065093   -0.3646800689    1.0062021226
  -3.4151065093   -1.4556519511    1.0062021226
  -3.0210020088   -2.4729529343    1.0062021226
   0.8618502248    1.1316051000    3.4961257949
   0.3340855768    2.0457202847    3.4961257949
  -0.7214437191    2.0457202847    3.4961257949
   1.7900671097    1.1316051000    2.9602195265
   1.5242955161    2.1234781904    2.9602195265
   0.7981940193    2.8495796873    2.9602195265
  -0.1936790711    3.1153512809    2.9602195265
  -1.1855521616    2.8495796873    2.9602195265
  -1.9116536584    2.1234781904    2.9602195265
   2.2755682116    2.1544008133    2.1391634887
   1.6962009799    3.0214851510    2.1391634887
   0.8291166422    3.6008523827    2.1391634887
  -0.1936790711    3.8042990994    2.1391634887
  -1.2164747845    3.6008523827    2.1391634887
  -2.0835591221    3.0214851510    2.1391634887
  -2.6629263538    2.1544008133    2.1391634887
  -2.8663730705    1.1316051000    2.1391634887
   2.6623056670    2.1710985342    1.1319891571
   2.1345410190    3.0852137189    1.1319891571
   1.3259586673    3.7636948720    1.1319891571
   0.3340855768    4.1247071531    1.1319891571
  -0.7214437191    4.1247071531    1.1319891571
  -1.7133168095    3.7636948720    1.1319891571
  -2.5218991612    3.0852137189    1.1319891571
  -3.0496638092    2.1710985342    1.1319891571
  -3.2329545479    1.1316051000    1.1319891571
   2.1345410190    3.0852137189    0.0601766203
   1.3259586673    3.7636948720    0.0601766203
   0.3340855768    4.1247071531    0.0601766203
  -0.7214437191    4.1247071531    0.0601766203
  -1.7133168095    3.7636948720    0.0601766203
  -2.5218991612    3.0852137189    0.0601766203
  -3.0496638092    2.1710985342    0.0601766203
  -0.1936790711    3.8042990994   -0.9469977113
  -1.2164747845    3.6008523827   -0.9469977113
  -2.0835591221    3.0214851510   -0.9469977113
  -2.6629263538    2.1544008133   -0.9469977113
   3.6293087558    1.9780636492   -0.8358444186
  -2.7328418706    1.9780636492   -1.9231969556
   2.5136089565   -0.0662893200   -4.5933077183
   1.4809211995   -1.8549569834   -4.5933077183
   1.5245182986   -0.0662893200   -5.0450102866
   0.9863758706   -0.9983793470   -5.0450102866
   0.4482334426   -0.0662893200   -5.1997566871
  -3.0912969105   -2.1447627070   -0.9046871907
  -3.4752262934    0.4063530085   -1.9397000592
  -3.6391562273   -0.6286598600   -1.9397000592
  -3.4752262934   -1.6636727285   -1.9397000592
  -2.9994830958   -2.5973713260   -1.9397000592
  -2.2584956934   -3.3383587285   -1.9397000592
  -1.3247970958   -3.8141019261   -1.9397000592
  -0.2897842273   -3.9780318600   -1.9397000592
  -3.0912969105    0.8874429870   -2.9747129277
  -3.4317810156   -0.1043533283   -2.9747129277
  -3.4317810156   -1.1529663917   -2.9747129277
  -3.0912969105   -2.1447627070   -2.9747129277
  -2.4472254362   -2.9722657541   -2.9747129277
  -1.5693617308   -3.5458027377   -2.9747129277
  -0.5528359482   -3.8032220264   -2.9747129277
   0.4921955700   -3.7166282460   -2.9747129277
  -2.2058306722    1.2873865849   -3.9084115252
  -2.7932195512    0.4082970037   -3.9084115252
  -2.9994830958   -0.6286598600   -3.9084115252
  -2.7932195512   -1.6656167237   -3.9084115252
  -2.2058306722   -2.5447063049   -3.9084115252
  -1.3267410910   -3.1320951839   -3.9084115252
  -0.2897842273   -3.3383587285   -3.9084115252
   0.7471726363   -3.1320951839   -3.9084115252
  -1.5790160629    0.8591929925   -4.6493989277
  -2.1787490461   -0.0740097450   -4.6493989277
  -2.1787490461   -1.1833099750   -4.6493989277
  -1.5790160629   -2.1165127125   -4.6493989277
  -0.5699610812   -2.5773326820   -4.6493989277
   0.5280480719   -2.4194627991   -4.6493989277
  -0.8072906616    0.2676875774   -5.1251421253
  -1.3247970958   -0.6286598600   -5.1251421253
  -0.8072906616   -1.5250072974   -5.1251421253
   0.2277222069   -1.5250072974   -5.1251421253
  -0.2897842273   -0.6286598600   -5.2890720592
   4.0842663218   -0.6286598600    0.5697920493
   3.8780027771    0.4082970037    0.5697920493
   3.2906138982   -2.5447063049    0.5697920493
   3.8780027771   -1.6656167237    0.5697920493
   4.5600095194   -0.6286598600   -0.3639065482
   4.3874134818    0.4056514880   -0.3639065482
   3.8883288280    1.3278791525   -0.3639065482
   2.1565472506   -3.7166282460   -0.3639065482
   3.1168391241   -3.2954051762   -0.3639065482
   3.8883288280   -2.5851988725   -0.3639065482
   4.3874134818   -1.6629712080   -0.3639065482
   4.7239394533   -0.6286598600   -1.3989194167
   4.5600095194    0.4063530085   -1.3989194167
   4.0842663218    1.3400516060   -1.3989194167
   1.3745674533   -3.9780318600   -1.3989194167
   2.4095803218   -3.8141019261   -1.3989194167
   3.3432789193   -3.3383587285   -1.3989194167
   4.0842663218   -2.5973713260   -1.3989194167
   4.5600095194   -1.6636727285   -1.3989194167
   4.5600095194   -0.6286598600   -2.4339322852
   4.3874134818    0.4056514880   -2.4339322852
   3.8883288280    1.3278791525   -2.4339322852
   1.1115157324   -3.8032220264   -2.4339322852
   2.1565472506   -3.7166282460   -2.4339322852
   3.1168391241   -3.2954051762   -2.4339322852
   3.8883288280   -2.5851988725   -2.4339322852
   4.3874134818   -1.6629712080   -2.4339322852
   4.0842663218   -0.6286598600   -3.3676308827
   3.8780027771    0.4082970037   -3.3676308827
   1.3745674533   -3.3383587285   -3.3676308827
   2.4115243169   -3.1320951839   -3.3676308827
   3.2906138982   -2.5447063049   -3.3676308827
   3.8780027771   -1.6656167237   -3.3676308827
   3.3432789193   -0.6286598600   -4.1086182852
   2.1923997525   -2.4194627991   -4.1086182852
   3.0307529292   -1.6930256363   -4.1086182852
   3.1076093573    2.8613979825   -0.7926632912
   2.3361196535    3.5716042862   -0.7926632912
   1.3758277800    3.9928273560   -0.7926632912
   3.7792900487    1.9398718385   -1.8276761596
   3.3035468511    2.8735704360   -1.8276761596
   2.5625594486    3.6145578385   -1.8276761596
   1.6288608511    4.0903010361   -1.8276761596
   0.5938479826    4.2542309700   -1.8276761596
  -0.4411648859    4.0903010361   -1.8276761596
  -1.3748634834    3.6145578385   -1.8276761596
  -2.1158508859    2.8735704360   -1.8276761596
   3.6066940112    1.9391703180   -2.8626890281
   3.1076093573    2.8613979825   -2.8626890281
   2.3361196535    3.5716042862   -2.8626890281
   1.3758277800    3.9928273560   -2.8626890281
   0.3307962617    4.0794211364   -2.8626890281
  -0.6857295208    3.8220018477   -2.8626890281
  -1.5635932262    3.2484648641   -2.8626890281
  -2.2076647005    2.4209618170   -2.8626890281
   3.3035468511    0.9048589700   -3.7963876257
   3.0972833065    1.9418158337   -3.7963876257
   2.5098944275    2.8209054149   -3.7963876257
   1.6308048463    3.4082942939   -3.7963876257
   0.5938479826    3.6145578385   -3.7963876257
  -0.4431088811    3.4082942939   -3.7963876257
  -1.3221984623    2.8209054149   -3.7963876257
  -1.9095873413    1.9418158337   -3.7963876257
   2.5625594486    0.9048589700   -4.5373750281
   2.2500334585    1.9692247463   -4.5373750281
   1.4116802819    2.6956619091   -4.5373750281
   0.3136711287    2.8535317920   -4.5373750281
  -0.6953838530    2.3927118225   -4.5373750281
  -1.2951168361    1.4595090850   -4.5373750281
   1.6288608511    0.9048589700   -5.0131182257
   1.1113544168    1.8012064074   -5.0131182257
   0.0763415484    1.8012064074   -5.0131182257
  -0.4411648859    0.9048589700   -5.0131182257
   0.5938479826    0.9048589700   -5.1770481596
   2.8740606646    0.0984937800    2.5419819334
   2.6790984201    1.1414496694    2.5419819334
   3.4619278290    0.0984937800    1.6272427702
   3.2918487878    1.1723305843    1.6272427702
   3.2918487878   -0.9753430243    1.6272427702
   3.6150991343    1.1638236081    0.5839356511
   3.1679942468    2.1428467492    0.5839356511
  -3.6412612670    1.1638236081    0.5839356511
  -3.7944325722    0.0984937800    0.5839356511
  -3.6412612670    1.1638236081   -0.5034168859
  -3.7944325722    0.0984937800   -0.5034168859
  -3.6412612670   -0.9668360481   -0.5034168859
  -2.8244223184    2.1410527603   -1.5467240050
  -3.3180109205    1.1723305843   -1.5467240050
  -0.4765525372   -4.3263078368    1.6974645991
   0.5933447863   -4.2376536170    1.6974645991
   1.5764861436   -3.8064078344    1.6974645991
   2.3663329136   -3.0793026609    1.6974645991
   2.8772929431   -2.1351312242    1.6974645991
  -3.2967251957   -2.5640259955    0.6378243122
  -2.7209263978   -3.4085677196    0.6378243122
  -1.9217756818   -4.0458691493    0.6378243122
  -0.9702810957   -4.4193032560    0.6378243122
   0.0490128908   -4.4956887804    0.6378243122
   1.0455375340   -4.2682385335    0.6378243122
   1.9307472461   -3.7571624679    0.6378243122
   2.6259872596   -3.0078719349    0.6378243122
  -3.4240001197   -1.6129911946   -0.4218159746
  -3.0754144298   -2.6283866201   -0.4218159746
  -2.4160177183   -3.4755795323   -0.4218159746
  -1.5172658507   -4.0627634335   -0.4218159746
  -0.4765525372   -4.3263078368   -0.4218159746
   0.5933447863   -4.2376536170   -0.4218159746
  -0.4970144636   -0.9101660100    4.8790252324
   0.5379984049   -0.9101660100    4.7150952984
   0.0204919706   -0.0138185726    4.7150952984
  -1.0145208978   -0.0138185726    4.7150952984
  -1.5320273321   -0.9101660100    4.7150952984
  -1.0145208978   -1.8065134474    4.7150952984
   0.0204919706   -1.8065134474    4.7150952984
   1.4716970024   -0.9101660100    4.2393521008
   1.1591710123    0.1541997663    4.2393521008
   0.3208178357    0.8806369291    4.2393521008
  -0.7771913175    1.0385068120    4.2393521008
  -1.7862462992    0.5776868425    4.2393521008
  -2.3859792823   -0.3555158950    4.2393521008
  -2.3859792823   -1.4648161250    4.2393521008
  -1.7862462992   -2.3980188625    4.2393521008
  -0.7771913175   -2.8588388320    4.2393521008
   0.3208178357   -2.7009689491    4.2393521008
   1.1591710123   -1.9745317863    4.2393521008
   2.2126844049   -0.9101660100    3.4983646984
   2.0064208603    0.1267908537    3.4983646984
  -2.4130609085    1.0058804349    3.4983646984
  -3.0004497875    0.1267908537    3.4983646984
  -3.2067133321   -0.9101660100    3.4983646984
  -3.0004497875   -1.9471228737    3.4983646984
  -2.4130609085   -2.8262124549    3.4983646984
  -1.5339713273   -3.4136013339    3.4983646984
  -0.4970144636   -3.6198648785    3.4983646984
   0.5399424001   -3.4136013339    3.4983646984
   1.4190319813   -2.8262124549    3.4983646984
   2.0064208603   -1.9471228737    3.4983646984
   2.6884276025   -0.9101660100    2.5646661008
  -3.2985271467    0.6059368370    2.5646661008
  -3.6390112518   -0.3858594783    2.5646661008
  -3.6390112518   -1.4344725417    2.5646661008
  -3.2985271467   -2.4262688570    2.5646661008
  -2.6544556724   -3.2537719041    2.5646661008
  -1.7765919670   -3.8273088877    2.5646661008
  -0.7600661845   -4.0847281764    2.5646661008
   0.2849653338   -3.9981343960    2.5646661008
   1.2452572073   -3.5769113262    2.5646661008
   2.0167469111   -2.8667050225    2.5646661008
   2.5158315650   -1.9444773580    2.5646661008
  -3.6824565297    0.1248468585    1.5296532324
  -3.8463864636   -0.9101660100    1.5296532324
  -3.6824565297   -1.9451788785    1.5296532324
  -3.2067133321   -2.8788774760    1.5296532324
  -2.4657259296   -3.6198648785    1.5296532324
  -3.6390112518   -1.4344725417    0.4946403639
   0.8659612157    1.1316051000    3.8573203549
   0.3361410723    2.0492805073    3.8573203549
  -0.7234992146    2.0492805073    3.8573203549
   1.8218765284    1.1316051000    3.3702571756
   1.5518432808    2.1393828998    3.3702571756
   0.8140987286    2.8771274519    3.3702571756
  -0.1936790711    3.1471606995    3.3702571756
  -1.2014568709    2.8771274519    3.3702571756
  -1.9392014230    2.1393828998    3.3702571756
   2.3693237721    2.1932356381    2.6116384882
   1.7679583793    3.0932425504    2.6116384882
   0.8679514669    3.6946079433    2.6116384882
  -0.1936790711    3.9057793869    2.6116384882
  -1.2553096092    3.6946079433    2.6116384882
  -2.1553165216    3.0932425504    2.6116384882
  -2.7566819144    2.1932356381    2.6116384882
  -2.9678533580    1.1316051000    2.6116384882
   2.8908555537    2.1905271742    1.6557231756
   2.3798955242    3.1346986109    1.6557231756
   1.5900487542    3.8618037844    1.6557231756
   0.6069073969    4.2930495670    1.6557231756
  -0.4629899265    4.3817037868    1.6557231756
  -1.5037032400    4.1181593835    1.6557231756
  -2.4024551077    3.5309754823    1.6557231756
  -3.0618518191    2.6837825701    1.6557231756
  -3.4104375090    1.6683871446    1.6557231756
   2.6395498702    3.0632678849    0.5960828887
   1.9443098567    3.8125584179    0.5960828887
   1.0591001446    4.3236344835    0.5960828887
   0.0625755014    4.5510847304    0.5960828887
  -0.9567184851    4.4746992060    0.5960828887
  -1.9082130711    4.1012650993    0.5960828887
  -2.7073637872    3.4639636696    0.5960828887
  -3.2831625851    2.6194219455    0.5960828887
  -3.5844472148    1.6426811656    0.5960828887
   1.5900487542    3.8618037844   -0.4635573982
   0.6069073969    4.2930495670   -0.4635573982
  -0.4629899265    4.3817037868   -0.4635573982
  -1.5037032400    4.1181593835   -0.4635573982
  -2.4024551077    3.5309754823   -0.4635573982
  -3.0618518191    2.6837825701   -0.4635573982
  -1.2553096092    3.6946079433   -1.4194727108
  -2.1553165216    3.0932425504   -1.4194727108
