   4.1246790900   -0.0662893200    0.0000000000
   3.9211203848   -1.0896480374    0.0000000000
   4.0409935058   -0.6286598600   -0.3532876901
   2.0307361467   -2.8977713451   -0.3532876901
   3.0536856760   -2.5098177613   -0.3532876901
   3.7791714807   -1.6909135726   -0.3532876901
   4.0409935058   -0.6286598600   -1.3967152299
   3.7791714807    0.4335938526   -1.3967152299
   0.9446683019   -2.7658988335   -1.3967152299
   2.0307361467   -2.8977713451   -1.3967152299
   3.0536856760   -2.5098177613   -1.3967152299
   3.7791714807   -1.6909135726   -1.3967152299
   3.5882672633   -0.6286598600   -2.3368109592
   3.2381856484    0.4487805628   -2.3368109592
   2.3216600817    1.1146753650   -2.3368109592
   0.2722466116   -1.7061002828   -2.3368109592
   1.1887721783   -2.3719950850   -2.3368109592
   2.3216600817   -2.3719950850   -2.3368109592
   3.2381856484   -1.7061002828   -2.3368109592
   2.7724827629   -0.6286598600   -2.9873773893
   2.2638494465    0.2523188865   -2.9873773893
   1.2465828135    0.2523188865   -2.9873773893
   0.7379494971   -0.6286598600   -2.9873773893
   1.2465828135   -1.5096386065   -2.9873773893
   2.2638494465   -1.5096386065   -2.9873773893
   1.7552161300   -0.6286598600   -3.2195618600
   1.7552161300   -0.6286598600    3.2195618600
   2.7724827629   -0.6286598600    2.9873773893
   2.2638494465    0.2523188865    2.9873773893
   1.2465828135    0.2523188865    2.9873773893
   0.7379494971   -0.6286598600    2.9873773893
   1.2465828135   -1.5096386065    2.9873773893
   2.2638494465   -1.5096386065    2.9873773893
   3.5882672633   -0.6286598600    2.3368109592
   3.2381856484    0.4487805628    2.3368109592
   2.3216600817    1.1146753650    2.3368109592
   0.2722466116   -1.7061002828    2.3368109592
   1.1887721783   -2.3719950850    2.3368109592
   2.3216600817   -2.3719950850    2.3368109592
   3.2381856484   -1.7061002828    2.3368109592
   4.0409935058   -0.6286598600    1.3967152299
   3.7791714807    0.4335938526    1.3967152299
   0.9446683019   -2.7658988335    1.3967152299
   2.0307361467   -2.8977713451    1.3967152299
   3.0536856760   -2.5098177613    1.3967152299
   3.7791714807   -1.6909135726    1.3967152299
   4.0409935058   -0.6286598600    0.3532876901
   2.0307361467   -2.8977713451    0.3532876901
   3.0536856760   -2.5098177613    0.3532876901
   3.7791714807   -1.6909135726    0.3532876901
   2.4303657565    1.7858377165    2.1123759293
   1.4130991235    1.7858377165    2.1123759293
   3.7547835733    0.9048589700    1.4618094992
   3.4047019584    1.9822993928    1.4618094992
   2.4881763917    2.6481941950    1.4618094992
   1.3552884883    2.6481941950    1.4618094992
   4.2075098158    0.9048589700    0.5217137699
   3.9456877907    1.9671126826    0.5217137699
   3.2202019860    2.7860168713    0.5217137699
   2.1972524567    3.1739704551    0.5217137699
   1.1111846119    3.0420979435    0.5217137699
   4.2075098158    0.9048589700   -0.5217137699
   3.9456877907    1.9671126826   -0.5217137699
   3.2202019860    2.7860168713   -0.5217137699
   2.1972524567    3.1739704551   -0.5217137699
   1.1111846119    3.0420979435   -0.5217137699
   3.7547835733    0.9048589700   -1.4618094992
   3.4047019584    1.9822993928   -1.4618094992
   2.4881763917    2.6481941950   -1.4618094992
   1.3552884883    2.6481941950   -1.4618094992
   2.4303657565    1.7858377165   -2.1123759293
   1.4130991235    1.7858377165   -2.1123759293
  -0.0423312200    0.0984937800    2.6741652000
   0.4693481387    0.9847484265    2.4706064948
  -0.5540105787    0.9847484265    2.4706064948
  -1.0656899374    0.0984937800    2.4706064948
  -0.5540105787   -0.7877608665    2.4706064948
   0.7431854805    1.8185354282    1.8909203469
   0.7431854805    1.8185354282   -1.8909203469
   0.4693481387    0.9847484265   -2.4706064948
  -0.5540105787    0.9847484265   -2.4706064948
  -1.0656899374    0.0984937800   -2.4706064948
  -0.5540105787   -0.7877608665   -2.4706064948
  -0.0423312200    0.0984937800   -2.6741652000
  -0.6706481700   -1.0762091500    2.4003476000
  -1.1913840659   -1.9781501791    2.1626384597
  -0.1499122741   -1.9781501791    2.1626384597
  -0.9377257765   -2.9337747051    1.4965922495
   0.1089476102   -2.7832857912    1.4965922495
  -1.1913840659   -3.3577021799    0.5341275898
  -0.1499122741   -3.3577021799    0.5341275898
   0.7884213872   -2.9058245046    0.5341275898
  -1.1913840659   -3.3577021799   -0.5341275898
  -0.1499122741   -3.3577021799   -0.5341275898
   0.7884213872   -2.9058245046   -0.5341275898
  -0.9377257765   -2.9337747051   -1.4965922495
   0.1089476102   -2.7832857912   -1.4965922495
  -1.1913840659   -1.9781501791   -2.1626384597
  -0.1499122741   -1.9781501791   -2.1626384597
  -0.6706481700   -1.0762091500   -2.4003476000
  -1.6083725900   -0.9101660100    2.3445604000
  -2.1170059065   -0.0291872635    2.1123759293
  -2.6256392229   -0.9101660100    2.1123759293
  -2.1170059065   -1.7911447565    2.1123759293
  -3.0913421084    0.1672744128    1.4618094992
  -3.4414237233   -0.9101660100    1.4618094992
  -3.0913421084   -1.9876064328    1.4618094992
  -2.1748165417   -2.6535012350    1.4618094992
  -3.3193015237    0.6055847596    0.5217137699
  -3.8277294294   -0.3631436789    0.5217137699
  -3.8277294294   -1.4571883411    0.5217137699
  -3.3193015237   -2.4259167796    0.5217137699
  -2.4189204181   -3.0474049835    0.5217137699
  -3.3193015237    0.6055847596   -0.5217137699
  -3.8277294294   -0.3631436789   -0.5217137699
  -3.8277294294   -1.4571883411   -0.5217137699
  -3.3193015237   -2.4259167796   -0.5217137699
  -2.4189204181   -3.0474049835   -0.5217137699
  -3.0913421084    0.1672744128   -1.4618094992
  -3.4414237233   -0.9101660100   -1.4618094992
  -3.0913421084   -1.9876064328   -1.4618094992
  -2.1748165417   -2.6535012350   -1.4618094992
  -2.1170059065   -0.0291872635   -2.1123759293
  -2.6256392229   -0.9101660100   -2.1123759293
  -2.1170059065   -1.7911447565   -2.1123759293
  -1.6083725900   -0.9101660100   -2.3445604000
  -0.6267586400    1.1316051000    2.4003476000
  -0.1060227441    2.0335461291    2.1626384597
  -1.1474945359    2.0335461291    2.1626384597
  -1.6682304319    1.1316051000    2.1626384597
   0.1528371402    2.8386817412    1.4965922495
  -0.8938362465    2.9891706551    1.4965922495
  -1.8557143802    2.5498956302    1.4965922495
  -2.4274077498    1.6603233831    1.4965922495
   0.8323109172    2.9612204546    0.5341275898
  -0.1060227441    3.4130981299    0.5341275898
  -1.1474945359    3.4130981299    0.5341275898
  -2.0858281972    2.9612204546    0.5341275898
  -2.7351752384    2.1469650196    0.5341275898
  -2.9669245142    1.1316051000    0.5341275898
   0.8323109172    2.9612204546   -0.5341275898
  -0.1060227441    3.4130981299   -0.5341275898
  -1.1474945359    3.4130981299   -0.5341275898
  -2.0858281972    2.9612204546   -0.5341275898
  -2.7351752384    2.1469650196   -0.5341275898
  -2.9669245142    1.1316051000   -0.5341275898
   0.1528371402    2.8386817412   -1.4965922495
  -0.8938362465    2.9891706551   -1.4965922495
  -1.8557143802    2.5498956302   -1.4965922495
  -2.4274077498    1.6603233831   -1.4965922495
  -0.1060227441    2.0335461291   -2.1626384597
  -1.1474945359    2.0335461291   -2.1626384597
  -1.6682304319    1.1316051000   -2.1626384597
  -0.6267586400    1.1316051000   -2.4003476000
   4.4602723149   -0.0662893200    0.5307016157
   4.4602723149   -0.0662893200   -0.5307016157
   4.4347137300   -0.6286598600   -0.8750014600
   1.7552161300   -3.3081574600   -0.8750014600
   2.7806154686   -3.1041928501   -0.8750014600
   3.6499070531   -2.5233507831   -0.8750014600
   4.2307491201   -1.6540591986   -0.8750014600
   4.2307491201   -0.6286598600   -1.9004007986
   3.9855942855    0.4454336500   -1.9004007986
   1.2043582170   -3.0421260695   -1.9004007986
   2.3060740430   -3.0421260695   -1.9004007986
   3.2986857035   -2.5641094875   -1.9004007986
   3.9855942855   -1.7027533700   -1.9004007986
   3.6499070531   -0.6286598600   -2.7696923831
   3.3491315627    0.3956873895   -2.7696923831
   2.5422991845    1.0948116250   -2.7696923831
   1.4855734977    1.2467458415   -2.7696923831
   0.5144574415   -2.0605717187   -2.7696923831
   1.4855734977   -2.5040655615   -2.7696923831
   2.5422991845   -2.3521313450   -2.7696923831
   3.3491315627   -1.6530071095   -2.7696923831
   2.7806154686   -0.6286598600   -3.3505344501
   2.2679157993    0.2593620162   -3.3505344501
   1.2425164607    0.2593620162   -3.3505344501
   0.7298167914   -0.6286598600   -3.3505344501
   1.2425164607   -1.5166817362   -3.3505344501
   2.2679157993   -1.5166817362   -3.3505344501
   1.7552161300   -0.6286598600   -3.5544990600
   1.7552161300   -0.6286598600    3.5544990600
   2.7806154686   -0.6286598600    3.3505344501
   2.2679157993    0.2593620162    3.3505344501
   1.2425164607    0.2593620162    3.3505344501
   0.7298167914   -0.6286598600    3.3505344501
   1.2425164607   -1.5166817362    3.3505344501
   2.2679157993   -1.5166817362    3.3505344501
   3.6499070531   -0.6286598600    2.7696923831
   3.3491315627    0.3956873895    2.7696923831
   2.5422991845    1.0948116250    2.7696923831
   1.4855734977    1.2467458415    2.7696923831
   0.5144574415   -2.0605717187    2.7696923831
   1.4855734977   -2.5040655615    2.7696923831
   2.5422991845   -2.3521313450    2.7696923831
   3.3491315627   -1.6530071095    2.7696923831
   4.2307491201   -0.6286598600    1.9004007986
   3.9855942855    0.4454336500    1.9004007986
   1.2043582170   -3.0421260695    1.9004007986
   2.3060740430   -3.0421260695    1.9004007986
   3.2986857035   -2.5641094875    1.9004007986
   3.9855942855   -1.7027533700    1.9004007986
   4.4347137300   -0.6286598600    0.8750014600
   1.7552161300   -3.3081574600    0.8750014600
   2.7806154686   -3.1041928501    0.8750014600
   3.6499070531   -2.5233507831    0.8750014600
   4.2307491201   -1.6540591986    0.8750014600
   2.4344321093    1.7928808462    2.4755329901
   1.4090327707    1.7928808462    2.4755329901
   3.8164233631    0.9048589700    1.8946909231
   3.5156478727    1.9292062195    1.8946909231
   2.7088154945    2.6283304550    1.8946909231
   1.6520898077    2.7802646715    1.8946909231
   4.3972654301    0.9048589700    1.0253993386
   4.1521105955    1.9789524800    1.0253993386
   3.4652020135    2.8403085975    1.0253993386
   2.4725903530    3.3183251795    1.0253993386
   1.3708745270    3.3183251795    1.0253993386
   4.6012300400    0.9048589700    0.0000000000
   4.3972654301    1.9302583086    0.0000000000
   3.8164233631    2.7995498931    0.0000000000
   2.9471317786    3.3803919601    0.0000000000
   1.9217324400    3.5843565700    0.0000000000
   4.3972654301    0.9048589700   -1.0253993386
   4.1521105955    1.9789524800   -1.0253993386
   3.4652020135    2.8403085975   -1.0253993386
   2.4725903530    3.3183251795   -1.0253993386
   1.3708745270    3.3183251795   -1.0253993386
   3.8164233631    0.9048589700   -1.8946909231
   3.5156478727    1.9292062195   -1.8946909231
   2.7088154945    2.6283304550   -1.8946909231
   1.6520898077    2.7802646715   -1.8946909231
   2.4344321093    1.7928808462   -2.4755329901
   1.4090327707    1.7928808462   -2.4755329901
  -0.0423312200    0.0984937800    3.0561888000
   0.4803078457    1.0037311958    2.8718780631
  -0.5649702857    1.0037311958    2.8718780631
  -1.0876093514    0.0984937800    2.8718780631
  -0.5649702857   -0.8067436358    2.8718780631
   0.4803078457    1.0037311958   -2.8718780631
  -0.5649702857    1.0037311958   -2.8718780631
  -1.0876093514    0.0984937800   -2.8718780631
  -0.5649702857   -0.8067436358   -2.8718780631
  -0.0423312200    0.0984937800   -3.0561888000
  -1.1955471748   -1.9853608952    2.5344365926
  -0.1457491652   -1.9853608952    2.5344365926
  -0.6706481700   -3.0159829388    1.9397737888
   0.2992387244   -2.7561025287    1.9397737888
  -0.9355689323   -3.5967618338    1.0497980096
   0.1125358083   -3.4866015866    1.0497980096
  -1.4213753716   -3.7147415777    0.0000000000
  -0.4175325869   -3.8077613104    0.0000000000
   0.5521255357   -3.5318697877    0.0000000000
  -0.9355689323   -3.5967618338   -1.0497980096
   0.1125358083   -3.4866015866   -1.0497980096
  -0.6706481700   -3.0159829388   -1.9397737888
   0.2992387244   -2.7561025287   -1.9397737888
  -1.1955471748   -1.9853608952   -2.5344365926
  -0.1457491652   -1.9853608952   -2.5344365926
  -1.6083725900   -0.9101660100    2.6794976000
  -2.1210722593   -0.0221441338    2.4755329901
  -2.6337719286   -0.9101660100    2.4755329901
  -2.1210722593   -1.7981878862    2.4755329901
  -2.8491312785    0.5217458487    1.8946909231
  -3.4263152179   -0.3763698918    1.8946909231
  -3.4263152179   -1.4439621282    1.8946909231
  -2.8491312785   -2.3420778687    1.8946909231
  -1.8780152223   -2.7855717115    1.8946909231
  -3.8387507455    0.1639275000    1.0253993386
  -4.0839055801   -0.9101660100    1.0253993386
  -3.8387507455   -1.9842595200    1.0253993386
  -3.1518421635   -2.8456156375    1.0253993386
  -2.1592305030   -3.3236322195    1.0253993386
  -3.5030635131    0.9845249131    0.0000000000
  -4.0839055801    0.1152333286    0.0000000000
  -4.2878701900   -0.9101660100    0.0000000000
  -4.0839055801   -1.9355653486    0.0000000000
  -3.5030635131   -2.8048569331    0.0000000000
  -2.6337719286   -3.3856990001    0.0000000000
  -3.8387507455    0.1639275000   -1.0253993386
  -4.0839055801   -0.9101660100   -1.0253993386
  -3.8387507455   -1.9842595200   -1.0253993386
  -3.1518421635   -2.8456156375   -1.0253993386
  -2.1592305030   -3.3236322195   -1.0253993386
  -2.8491312785    0.5217458487   -1.8946909231
  -3.4263152179   -0.3763698918   -1.8946909231
  -3.4263152179   -1.4439621282   -1.8946909231
  -2.8491312785   -2.3420778687   -1.8946909231
  -1.8780152223   -2.7855717115   -1.8946909231
  -2.1210722593   -0.0221441338   -2.4755329901
  -2.6337719286   -0.9101660100   -2.4755329901
  -2.1210722593   -1.7981878862   -2.4755329901
  -1.6083725900   -0.9101660100   -2.6794976000
  -0.1018596352    2.0407568452    2.5344365926
  -1.1516576448    2.0407568452    2.5344365926
  -1.6765566496    1.1316051000    2.5344365926
   0.3431282544    2.8114984787    1.9397737888
  -0.6267586400    3.0713788888    1.9397737888
  -1.5966455344    2.8114984787    1.9397737888
  -2.3066520187    2.1014919944    1.9397737888
  -2.5665324288    1.1316051000    1.9397737888
   0.1564253383    3.5419975366    1.0497980096
  -0.8916794023    3.6521577838    1.0497980096
  -1.8939769363    3.3264915735    1.0497980096
  -2.6771609146    2.6213095520    1.0497980096
  -3.1058117123    1.6585440972    1.0497980096
   0.5960150657    3.5872657377    0.0000000000
  -0.3736430569    3.8631572604    0.0000000000
  -1.3774858416    3.7701375277    0.0000000000
  -2.2799387578    3.3207693700    0.0000000000
  -2.9591205385    2.5757424471    0.0000000000
  -3.3233039208    1.6356767732    0.0000000000
   0.1564253383    3.5419975366   -1.0497980096
  -0.8916794023    3.6521577838   -1.0497980096
  -1.8939769363    3.3264915735   -1.0497980096
  -2.6771609146    2.6213095520   -1.0497980096
  -3.1058117123    1.6585440972   -1.0497980096
   0.3431282544    2.8114984787   -1.9397737888
  -0.6267586400    3.0713788888   -1.9397737888
  -1.5966455344    2.8114984787   -1.9397737888
  -2.3066520187    2.1014919944   -1.9397737888
  -2.5665324288    1.1316051000   -1.9397737888
  -0.1018596352    2.0407568452   -2.5344365926
  -1.1516576448    2.0407568452   -2.5344365926
  -1.6765566496    1.1316051000   -2.5344365926
   4.7204481974   -0.0662893200    1.0624660619
   4.8887262900   -0.0662893200    0.0000000000
   4.7359761600   -1.0797202156    0.0000000000
   4.7204481974   -0.0662893200   -1.0624660619
   2.0291275584   -3.5846349324   -0.3515503503
   3.0784522907   -3.2860763050   -0.3515503503
   3.9490666471   -2.6286188615   -0.3515503503
   4.5233893347   -1.7010558727   -0.3515503503
   4.7238548920   -0.6286598600   -1.3984525697
   0.9428095699   -3.4839727466   -1.3984525697
   2.0291275584   -3.5846349324   -1.3984525697
   3.0784522907   -3.2860763050   -1.3984525697
   3.9490666471   -2.6286188615   -1.3984525697
   4.5233893347   -1.7010558727   -1.3984525697
   4.3657932449   -0.6286598600   -2.3822188600
   4.1400969951    0.4331575122   -2.3822188600
   0.4499275726   -2.8894859600   -2.3822188600
   1.4823365159   -3.2249359603   -2.3822188600
   2.5619288236   -3.1114662364   -2.3822188600
   3.5020331778   -2.5686967344   -2.3822188600
   4.1400969951   -1.6904772322   -2.3822188600
   3.6928574696   -0.6286598600   -3.1841924877
   3.3852637523    0.4189081378   -3.1841924877
   2.5601414323    1.1338806981   -3.1841924877
   1.4794610161    1.2892590847   -3.1841924877
   0.4863309002   -2.0930314777   -3.1841924877
   1.4794610161   -2.5465788047   -3.1841924877
   2.5601414323   -2.3912004181   -3.1841924877
   3.3852637523   -1.6762278578   -3.1841924877
   2.7862135523   -0.6286598600   -3.7076435974
   2.2707148412    0.2642100990   -3.7076435974
   1.2397174188    0.2642100990   -3.7076435974
   0.7242187077   -0.6286598600   -3.7076435974
   1.2397174188   -1.5215298190   -3.7076435974
   2.2707148412   -1.5215298190   -3.7076435974
   1.7552161300   -0.6286598600   -3.8894362600
   1.7552161300   -0.6286598600    3.8894362600
   2.7862135523   -0.6286598600    3.7076435974
   2.2707148412    0.2642100990    3.7076435974
   1.2397174188    0.2642100990    3.7076435974
   0.7242187077   -0.6286598600    3.7076435974
   1.2397174188   -1.5215298190    3.7076435974
   2.2707148412   -1.5215298190    3.7076435974
   3.6928574696   -0.6286598600    3.1841924877
   3.3852637523    0.4189081378    3.1841924877
   2.5601414323    1.1338806981    3.1841924877
   1.4794610161    1.2892590847    3.1841924877
   0.4863309002   -2.0930314777    3.1841924877
   1.4794610161   -2.5465788047    3.1841924877
   2.5601414323   -2.3912004181    3.1841924877
   3.3852637523   -1.6762278578    3.1841924877
   4.3657932449   -0.6286598600    2.3822188600
   4.1400969951    0.4331575122    2.3822188600
   0.4499275726   -2.8894859600    2.3822188600
   1.4823365159   -3.2249359603    2.3822188600
   2.5619288236   -3.1114662364    2.3822188600
   3.5020331778   -2.5686967344    2.3822188600
   4.1400969951   -1.6904772322    2.3822188600
   4.7238548920   -0.6286598600    1.3984525697
   0.9428095699   -3.4839727466    1.3984525697
   2.0291275584   -3.5846349324    1.3984525697
   3.0784522907   -3.2860763050    1.3984525697
   3.9490666471   -2.6286188615    1.3984525697
   4.5233893347   -1.7010558727    1.3984525697
   2.0291275584   -3.5846349324    0.3515503503
   3.0784522907   -3.2860763050    0.3515503503
   3.9490666471   -2.6286188615    0.3515503503
   4.5233893347   -1.7010558727    0.3515503503
   2.4372311512    1.7977289290    2.8326421374
   3.5517800623    1.9524269678    2.3091910277
   2.7266577423    2.6673995281    2.3091910277
   1.6459773261    2.8227779147    2.3091910277
   4.5323095549    0.9048589700    1.5072174000
   4.3066133051    1.9666763422    1.5072174000
   3.6685494878    2.8448958444    1.5072174000
   2.7284451336    3.3876653464    1.5072174000
   1.6488528259    3.5011350703    1.5072174000
   4.8903712020    0.9048589700    0.5234511097
   4.6899056447    1.9772549827    0.5234511097
   4.1155829571    2.9048179715    0.5234511097
   3.2449686007    3.5622754150    0.5234511097
   2.1956438684    3.8608340424    0.5234511097
   1.1093258799    3.7601718566    0.5234511097
   4.8903712020    0.9048589700   -0.5234511097
   4.6899056447    1.9772549827   -0.5234511097
   4.1155829571    2.9048179715   -0.5234511097
   3.2449686007    3.5622754150   -0.5234511097
   2.1956438684    3.8608340424   -0.5234511097
   1.1093258799    3.7601718566   -0.5234511097
   4.5323095549    0.9048589700   -1.5072174000
   4.3066133051    1.9666763422   -1.5072174000
   3.6685494878    2.8448958444   -1.5072174000
   2.7284451336    3.3876653464   -1.5072174000
   1.6488528259    3.5011350703   -1.5072174000
   3.5517800623    1.9524269678   -2.3091910277
   2.7266577423    2.6673995281   -2.3091910277
   1.6459773261    2.8227779147   -2.3091910277
   2.4372311512    1.7977289290   -2.8326421374
  -0.0423312200    0.0984937800    3.4382124000
   0.4889018109    1.0186163802    3.2699343074
  -0.5735642509    1.0186163802    3.2699343074
  -1.1047972819    0.0984937800    3.2699343074
  -0.5735642509   -0.8216288202    3.2699343074
   0.4889018109    1.0186163802   -3.2699343074
  -0.5735642509    1.0186163802   -3.2699343074
  -1.1047972819    0.0984937800   -3.2699343074
  -0.5735642509   -0.8216288202   -3.2699343074
  -0.0423312200    0.0984937800   -3.4382124000
  -1.1984128180   -1.9903243347    2.9000429062
  -0.1428835220   -1.9903243347    2.9000429062
  -1.6625212604   -2.7941837373    2.3641366378
  -0.6706481700   -3.0599553309    2.3641366378
  -1.6934438833   -3.5454564327    1.5430806000
  -0.6706481700   -3.7489031494    1.5430806000
   0.3521475433   -3.5454564327    1.5430806000
  -1.1984128180   -4.0693112031    0.5359062684
  -0.1428835220   -4.0693112031    0.5359062684
   0.8489895684   -3.7082989220    0.5359062684
  -1.1984128180   -4.0693112031   -0.5359062684
  -0.1428835220   -4.0693112031   -0.5359062684
   0.8489895684   -3.7082989220   -0.5359062684
  -1.6934438833   -3.5454564327   -1.5430806000
  -0.6706481700   -3.7489031494   -1.5430806000
   0.3521475433   -3.5454564327   -1.5430806000
  -1.6625212604   -2.7941837373   -2.3641366378
  -0.6706481700   -3.0599553309   -2.3641366378
  -1.1984128180   -1.9903243347   -2.9000429062
  -0.1428835220   -1.9903243347   -2.9000429062
  -1.6083725900   -0.9101660100    3.0144348000
  -2.1238713012   -0.0172960510    2.8326421374
  -2.6393700123   -0.9101660100    2.8326421374
  -2.1238713012   -1.8030359690    2.8326421374
  -2.8772578198    0.5542056077    2.3091910277
  -3.4675258408   -0.3642693611    2.3091910277
  -3.4675258408   -1.4560626589    2.3091910277
  -2.8772578198   -2.3745376277    2.3091910277
  -1.8841277039   -2.8280849547    2.3091910277
  -3.7203738410    0.6242927181    1.5072174000
  -4.1619023314   -0.3673965080    1.5072174000
  -4.1619023314   -1.4529355120    1.5072174000
  -3.7203738410   -2.4446247381    1.5072174000
  -2.9136611474   -3.1709921100    1.5072174000
  -1.8812522041   -3.5064421103    1.5072174000
  -4.1323601352    0.6526209143    0.5234511097
  -4.5264646357   -0.3646800689    0.5234511097
  -4.5264646357   -1.4556519511    0.5234511097
  -4.1323601352   -2.4729529343    0.5234511097
  -3.3973771309   -3.2791908836    0.5234511097
  -2.4207791501   -3.7654788966    0.5234511097
  -4.1323601352    0.6526209143   -0.5234511097
  -4.5264646357   -0.3646800689   -0.5234511097
  -4.5264646357   -1.4556519511   -0.5234511097
  -4.1323601352   -2.4729529343   -0.5234511097
  -3.3973771309   -3.2791908836   -0.5234511097
  -2.4207791501   -3.7654788966   -0.5234511097
  -3.7203738410    0.6242927181   -1.5072174000
  -4.1619023314   -0.3673965080   -1.5072174000
  -4.1619023314   -1.4529355120   -1.5072174000
  -3.7203738410   -2.4446247381   -1.5072174000
  -2.9136611474   -3.1709921100   -1.5072174000
  -1.8812522041   -3.5064421103   -1.5072174000
  -2.8772578198    0.5542056077   -2.3091910277
  -3.4675258408   -0.3642693611   -2.3091910277
  -3.4675258408   -1.4560626589   -2.3091910277
  -2.8772578198   -2.3745376277   -2.3091910277
  -1.8841277039   -2.8280849547   -2.3091910277
  -2.1238713012   -0.0172960510   -2.8326421374
  -2.6393700123   -0.9101660100   -2.8326421374
  -2.1238713012   -1.8030359690   -2.8326421374
  -1.6083725900   -0.9101660100   -3.0144348000
  -0.0989939920    2.0457202847    2.9000429062
  -1.1545232880    2.0457202847    2.9000429062
  -1.6822879360    1.1316051000    2.9000429062
   0.3651144504    2.8495796873    2.3641366378
  -0.6267586400    3.1153512809    2.3641366378
  -1.6186317304    2.8495796873    2.3641366378
  -2.3447332273    2.1234781904    2.3641366378
  -2.6105048209    1.1316051000    2.3641366378
   0.3960370733    3.6008523827    1.5430806000
  -0.6267586400    3.8042990994    1.5430806000
  -1.6495543533    3.6008523827    1.5430806000
  -2.5166386910    3.0214851510    1.5430806000
  -3.0960059227    2.1544008133    1.5430806000
  -3.2994526394    1.1316051000    1.5430806000
   0.8928790984    3.7636948720    0.5359062684
  -0.0989939920    4.1247071531    0.5359062684
  -1.1545232880    4.1247071531    0.5359062684
  -2.1463963784    3.7636948720    0.5359062684
  -2.9549787301    3.0852137189    0.5359062684
  -3.4827433781    2.1710985342    0.5359062684
   0.8928790984    3.7636948720   -0.5359062684
  -0.0989939920    4.1247071531   -0.5359062684
  -1.1545232880    4.1247071531   -0.5359062684
  -2.1463963784    3.7636948720   -0.5359062684
  -2.9549787301    3.0852137189   -0.5359062684
  -3.4827433781    2.1710985342   -0.5359062684
   0.3960370733    3.6008523827   -1.5430806000
  -0.6267586400    3.8042990994   -1.5430806000
  -1.6495543533    3.6008523827   -1.5430806000
  -2.5166386910    3.0214851510   -1.5430806000
  -3.0960059227    2.1544008133   -1.5430806000
  -3.2994526394    1.1316051000   -1.5430806000
   0.3651144504    2.8495796873   -2.3641366378
  -0.6267586400    3.1153512809   -2.3641366378
  -1.6186317304    2.8495796873   -2.3641366378
  -2.3447332273    2.1234781904   -2.3641366378
  -2.6105048209    1.1316051000   -2.3641366378
  -0.0989939920    2.0457202847   -2.9000429062
  -1.1545232880    2.0457202847   -2.9000429062
  -1.6822879360    1.1316051000   -2.9000429062
   2.4832016470    1.7223783434    3.2137870312
   1.4505138900    1.9990861939    3.2137870312
   5.2318653958   -0.0662893200    0.5436762685
   5.0786940906   -1.1316191481    0.5436762685
   5.2318653958   -0.0662893200   -0.5436762685
   5.0786940906   -1.1316191481   -0.5436762685
   2.4832016470    1.7223783434   -3.2137870312
   1.4505138900    1.9990861939   -3.2137870312
   1.7552161300   -3.9780318600   -0.8750014600
   2.7902289985   -3.8141019261   -0.8750014600
   3.7239275960   -3.3383587285   -0.8750014600
   4.4649149985   -2.5973713260   -0.8750014600
   4.9406581961   -1.6636727285   -0.8750014600
   4.9406581961   -0.6286598600   -1.9100143285
   4.7680621586    0.4056514880   -1.9100143285
   1.4921644091   -3.8032220264   -1.9100143285
   2.5371959274   -3.7166282460   -1.9100143285
   3.4974878009   -3.2954051762   -1.9100143285
   4.2689775047   -2.5851988725   -1.9100143285
   4.7680621586   -1.6629712080   -1.9100143285
   4.4649149985   -0.6286598600   -2.8437129260
   4.2586514539    0.4082970037   -2.8437129260
   3.6712625749    1.2873865849   -2.8437129260
   0.7182592663   -3.1320951839   -2.8437129260
   1.7552161300   -3.3383587285   -2.8437129260
   2.7921729937   -3.1320951839   -2.8437129260
   3.6712625749   -2.5447063049   -2.8437129260
   4.2586514539   -1.6656167237   -2.8437129260
   3.7239275960   -0.6286598600   -3.5847003285
   3.4114016059    0.4357059163   -3.5847003285
   2.5730484293    1.1621430791   -3.5847003285
   1.4750392761    1.3200129620   -3.5847003285
   0.4659842944   -2.1165127125   -3.5847003285
   1.4750392761   -2.5773326820   -3.5847003285
   2.5730484293   -2.4194627991   -3.5847003285
   3.4114016059   -1.6930256363   -3.5847003285
   2.7902289985   -0.6286598600   -4.0604435261
   2.2727225642    0.2676875774   -4.0604435261
   1.2377096958    0.2676875774   -4.0604435261
   0.7202032615   -0.6286598600   -4.0604435261
   1.2377096958   -1.5250072974   -4.0604435261
   2.2727225642   -1.5250072974   -4.0604435261
   1.7552161300   -0.6286598600   -4.2243734600
   1.7552161300   -0.6286598600    4.2243734600
   2.7902289985   -0.6286598600    4.0604435261
   2.2727225642    0.2676875774    4.0604435261
   1.2377096958    0.2676875774    4.0604435261
   0.7202032615   -0.6286598600    4.0604435261
   1.2377096958   -1.5250072974    4.0604435261
   2.2727225642   -1.5250072974    4.0604435261
   3.7239275960   -0.6286598600    3.5847003285
   3.4114016059    0.4357059163    3.5847003285
   2.5730484293    1.1621430791    3.5847003285
   1.4750392761    1.3200129620    3.5847003285
   0.4659842944   -2.1165127125    3.5847003285
   1.4750392761   -2.5773326820    3.5847003285
   2.5730484293   -2.4194627991    3.5847003285
   3.4114016059   -1.6930256363    3.5847003285
   4.4649149985   -0.6286598600    2.8437129260
   4.2586514539    0.4082970037    2.8437129260
   3.6712625749    1.2873865849    2.8437129260
   0.7182592663   -3.1320951839    2.8437129260
   1.7552161300   -3.3383587285    2.8437129260
   2.7921729937   -3.1320951839    2.8437129260
   3.6712625749   -2.5447063049    2.8437129260
   4.2586514539   -1.6656167237    2.8437129260
   4.9406581961   -0.6286598600    1.9100143285
   4.7680621586    0.4056514880    1.9100143285
   1.4921644091   -3.8032220264    1.9100143285
   2.5371959274   -3.7166282460    1.9100143285
   3.4974878009   -3.2954051762    1.9100143285
   4.2689775047   -2.5851988725    1.9100143285
   4.7680621586   -1.6629712080    1.9100143285
   1.7552161300   -3.9780318600    0.8750014600
   2.7902289985   -3.8141019261    0.8750014600
   3.7239275960   -3.3383587285    0.8750014600
   4.4649149985   -2.5973713260    0.8750014600
   4.9406581961   -1.6636727285    0.8750014600
   2.4392388742    1.8012064074    3.1854420661
   3.5779179159    1.9692247463    2.7096988685
   2.7395647393    2.6956619091    2.7096988685
   1.6415555861    2.8535317920    2.7096988685
   4.6314313085    0.9048589700    1.9687114660
   4.4251677639    1.9418158337    1.9687114660
   3.8377788849    2.8209054149    1.9687114660
   2.9586893037    3.4082942939    1.9687114660
   1.9217324400    3.6145578385    1.9687114660
   5.1071745061    0.9048589700    1.0350128685
   4.9345784686    1.9391703180    1.0350128685
   4.4354938147    2.8613979825    1.0350128685
   3.6640041109    3.5716042862    1.0350128685
   2.7037122374    3.9928273560    1.0350128685
   1.6586807191    4.0794211364    1.0350128685
   5.2711044400    0.9048589700    0.0000000000
   5.1071745061    1.9398718385    0.0000000000
   4.6314313085    2.8735704360    0.0000000000
   3.8904439060    3.6145578385    0.0000000000
   2.9567453085    4.0903010361    0.0000000000
   1.9217324400    4.2542309700    0.0000000000
   5.1071745061    0.9048589700   -1.0350128685
   4.9345784686    1.9391703180   -1.0350128685
   4.4354938147    2.8613979825   -1.0350128685
   3.6640041109    3.5716042862   -1.0350128685
   2.7037122374    3.9928273560   -1.0350128685
   1.6586807191    4.0794211364   -1.0350128685
   4.6314313085    0.9048589700   -1.9687114660
   4.4251677639    1.9418158337   -1.9687114660
   3.8377788849    2.8209054149   -1.9687114660
   2.9586893037    3.4082942939   -1.9687114660
   1.9217324400    3.6145578385   -1.9687114660
   3.5779179159    1.9692247463   -2.7096988685
   2.7395647393    2.6956619091   -2.7096988685
   1.6415555861    2.8535317920   -2.7096988685
   2.4392388742    1.8012064074   -3.1854420661
  -0.0423312200    0.0984937800    3.8202360000
   0.4958112080    1.0305838070    3.6654895995
  -0.5804736480    1.0305838070    3.6654895995
  -1.1186160760    0.0984937800    3.6654895995
  -0.5804736480   -0.8335962470    3.6654895995
  -1.8309988834    1.1311815370    3.2137870312
  -2.1077067339    0.0984937800    3.2137870312
  -1.8309988834    1.1311815370   -3.2137870312
  -2.1077067339    0.0984937800   -3.2137870312
   0.4958112080    1.0305838070   -3.6654895995
  -0.5804736480    1.0305838070   -3.6654895995
  -1.1186160760    0.0984937800   -3.6654895995
  -0.5804736480   -0.8335962470   -3.6654895995
  -0.0423312200    0.0984937800   -3.8202360000
  -1.2004683134   -1.9938845573    3.2612374662
  -1.6784259698   -2.8217315019    2.7741742869
  -0.6706481700   -3.0917647495    2.7741742869
  -1.7322787081   -3.6392119933    2.0155555995
  -0.6706481700   -3.8503834369    2.0155555995
   0.3909823681   -3.6392119933    2.0155555995
  -0.9399590254   -4.3263078368    1.0596402869
   0.1299382981   -4.2376536170    1.0596402869
  -1.4336875840   -4.4193032560    0.0000000000
  -0.4143935974   -4.4956887804    0.0000000000
   0.5821310457   -4.2682385335    0.0000000000
  -0.9399590254   -4.3263078368   -1.0596402869
   0.1299382981   -4.2376536170   -1.0596402869
  -1.7322787081   -3.6392119933   -2.0155555995
  -0.6706481700   -3.8503834369   -2.0155555995
   0.3909823681   -3.6392119933   -2.0155555995
  -1.6784259698   -2.8217315019   -2.7741742869
  -0.6706481700   -3.0917647495   -2.7741742869
  -1.2004683134   -1.9938845573   -3.2612374662
  -1.6083725900   -0.9101660100    3.3493720000
  -2.6433854585   -0.9101660100    3.1854420661
  -2.1258790242   -1.8065134474    3.1854420661
  -2.8976044256    0.5776868425    2.7096988685
  -3.4973374087   -0.3555158950    2.7096988685
  -3.4973374087   -1.4648161250    2.7096988685
  -2.8976044256   -2.3980188625    2.7096988685
  -1.8885494439   -2.8588388320    2.7096988685
  -3.5244190349    1.0058804349    1.9687114660
  -4.1118079139    0.1267908537    1.9687114660
  -4.3180714585   -0.9101660100    1.9687114660
  -4.1118079139   -1.9471228737    1.9687114660
  -3.5244190349   -2.8262124549    1.9687114660
  -2.6453294537   -3.4136013339    1.9687114660
  -4.4098852731    0.6059368370    1.0350128685
  -4.7503693782   -0.3858594783    1.0350128685
  -4.7503693782   -1.4344725417    1.0350128685
  -4.4098852731   -2.4262688570    1.0350128685
  -3.7658137988   -3.2537719041    1.0350128685
  -2.8879500934   -3.8273088877    1.0350128685
  -4.3180714585    1.0585454560    0.0000000000
  -4.7938146561    0.1248468585    0.0000000000
  -4.9577445900   -0.9101660100    0.0000000000
  -4.7938146561   -1.9451788785    0.0000000000
  -4.3180714585   -2.8788774760    0.0000000000
  -3.5770840560   -3.6198648785    0.0000000000
  -2.6433854585   -4.0956080761    0.0000000000
  -4.4098852731    0.6059368370   -1.0350128685
  -4.7503693782   -0.3858594783   -1.0350128685
  -4.7503693782   -1.4344725417   -1.0350128685
  -4.4098852731   -2.4262688570   -1.0350128685
  -3.7658137988   -3.2537719041   -1.0350128685
  -2.8879500934   -3.8273088877   -1.0350128685
  -3.5244190349    1.0058804349   -1.9687114660
  -4.1118079139    0.1267908537   -1.9687114660
  -4.3180714585   -0.9101660100   -1.9687114660
  -4.1118079139   -1.9471228737   -1.9687114660
  -3.5244190349   -2.8262124549   -1.9687114660
  -2.6453294537   -3.4136013339   -1.9687114660
  -2.8976044256    0.5776868425   -2.7096988685
  -3.4973374087   -0.3555158950   -2.7096988685
  -3.4973374087   -1.4648161250   -2.7096988685
  -2.8976044256   -2.3980188625   -2.7096988685
  -1.8885494439   -2.8588388320   -2.7096988685
  -2.6433854585   -0.9101660100   -3.1854420661
  -2.1258790242   -1.8065134474   -3.1854420661
  -1.6083725900   -0.9101660100   -3.3493720000
  -1.1565787834    2.0492805073    3.2612374662
   0.3810191598    2.8771274519    2.7741742869
  -0.6267586400    3.1471606995    2.7741742869
  -1.6345364398    2.8771274519    2.7741742869
  -2.3722809919    2.1393828998    2.7741742869
  -2.6423142395    1.1316051000    2.7741742869
   0.4348718981    3.6946079433    2.0155555995
  -0.6267586400    3.9057793869    2.0155555995
  -1.6883891781    3.6946079433    2.0155555995
  -2.5883960904    3.0932425504    2.0155555995
  -3.1897614833    2.1932356381    2.0155555995
  -3.4009329269    1.1316051000    2.0155555995
   0.1738278281    4.2930495670    1.0596402869
  -0.8960694954    4.3817037868    1.0596402869
  -1.9367828089    4.1181593835    1.0596402869
  -2.8355346766    3.5309754823    1.0596402869
  -3.4949313880    2.6837825701    1.0596402869
  -3.8435170779    1.6683871446    1.0596402869
   0.6260205757    4.3236344835    0.0000000000
  -0.3705040674    4.5510847304    0.0000000000
  -1.3897980540    4.4746992060    0.0000000000
  -2.3412926400    4.1012650993    0.0000000000
  -3.1404433560    3.4639636696    0.0000000000
  -3.7162421539    2.6194219455    0.0000000000
  -4.0175267836    1.6426811656    0.0000000000
   0.1738278281    4.2930495670   -1.0596402869
  -0.8960694954    4.3817037868   -1.0596402869
  -1.9367828089    4.1181593835   -1.0596402869
  -2.8355346766    3.5309754823   -1.0596402869
  -3.4949313880    2.6837825701   -1.0596402869
  -3.8435170779    1.6683871446   -1.0596402869
   0.4348718981    3.6946079433   -2.0155555995
  -0.6267586400    3.9057793869   -2.0155555995
  -1.6883891781    3.6946079433   -2.0155555995
  -2.5883960904    3.0932425504   -2.0155555995
  -3.1897614833    2.1932356381   -2.0155555995
  -3.4009329269    1.1316051000   -2.0155555995
   0.3810191598    2.8771274519   -2.7741742869
  -0.6267586400    3.1471606995   -2.7741742869
  -1.6345364398    2.8771274519   -2.7741742869
  -2.3722809919    2.1393828998   -2.7741742869
  -2.6423142395    1.1316051000   -2.7741742869
  -1.1565787834    2.0492805073   -3.2612374662
