  -3.0254468498    2.7971402061    0.0000000000
   0.2479868625    3.4214445675   -0.3532876901
  -0.7749626669    3.8093981513   -0.3532876901
  -1.8610305117    3.6775256397   -0.3532876901
  -2.7614116172    3.0560374358   -0.3532876901
   0.9734726671    2.6025403789   -1.3967152299
   0.2479868625    3.4214445675   -1.3967152299
  -0.7749626669    3.8093981513   -1.3967152299
  -1.8610305117    3.6775256397   -1.3967152299
  -2.7614116172    3.0560374358   -1.3967152299
  -3.2698395230    2.0873089973   -1.3967152299
   0.7825684497    1.5402866662   -2.3368109592
   0.4324868348    2.6177270891   -2.3368109592
  -0.4840387318    3.2836218912   -2.3368109592
  -1.6169266353    3.2836218912   -2.3368109592
  -2.5334522019    2.6177270891   -2.3368109592
  -2.8835338168    1.5402866662   -2.3368109592
  -2.5334522019    0.4628462434   -2.3368109592
  -0.0332160506    1.5402866662   -2.9873773893
  -0.5418493671    2.4212654128   -2.9873773893
  -1.5591160000    2.4212654128   -2.9873773893
  -2.0677493165    1.5402866662   -2.9873773893
  -1.5591160000    0.6593079197   -2.9873773893
  -0.5418493671    0.6593079197   -2.9873773893
  -1.0504826836    1.5402866662   -3.2195618600
  -1.0504826836    1.5402866662    3.2195618600
  -0.0332160506    1.5402866662    2.9873773893
  -0.5418493671    2.4212654128    2.9873773893
  -1.5591160000    2.4212654128    2.9873773893
  -2.0677493165    1.5402866662    2.9873773893
  -1.5591160000    0.6593079197    2.9873773893
  -0.5418493671    0.6593079197    2.9873773893
   0.7825684497    1.5402866662    2.3368109592
   0.4324868348    2.6177270891    2.3368109592
  -0.4840387318    3.2836218912    2.3368109592
  -1.6169266353    3.2836218912    2.3368109592
  -2.5334522019    2.6177270891    2.3368109592
  -2.8835338168    1.5402866662    2.3368109592
  -2.5334522019    0.4628462434    2.3368109592
   0.9734726671    2.6025403789    1.3967152299
   0.2479868625    3.4214445675    1.3967152299
  -0.7749626669    3.8093981513    1.3967152299
  -1.8610305117    3.6775256397    1.3967152299
  -2.7614116172    3.0560374358    1.3967152299
  -3.2698395230    2.0873089973    1.3967152299
   0.2479868625    3.4214445675    0.3532876901
  -0.7749626669    3.8093981513    0.3532876901
  -1.8610305117    3.6775256397    0.3532876901
  -2.7614116172    3.0560374358    0.3532876901
  -3.1038435935    0.3975197028    2.1123759293
  -2.5952102770   -0.4834590437    2.1123759293
  -3.5695464789    1.4749601257    1.4618094992
  -3.9196280938    0.3975197028    1.4618094992
  -3.5695464789   -0.6799207200    1.4618094992
  -2.6530209123   -1.3458155222    1.4618094992
  -3.7975058943    1.9132704724    0.5217137699
  -4.3059338000    0.9445420339    0.5217137699
  -4.3059338000   -0.1495026283    0.5217137699
  -3.7975058943   -1.1182310667    0.5217137699
  -2.8971247887   -1.7397192707    0.5217137699
  -3.7975058943    1.9132704724   -0.5217137699
  -4.3059338000    0.9445420339   -0.5217137699
  -4.3059338000   -0.1495026283   -0.5217137699
  -3.7975058943   -1.1182310667   -0.5217137699
  -2.8971247887   -1.7397192707   -0.5217137699
  -3.5695464789    1.4749601257   -1.4618094992
  -3.9196280938    0.3975197028   -1.4618094992
  -3.5695464789   -0.6799207200   -1.4618094992
  -2.6530209123   -1.3458155222   -1.4618094992
  -3.1038435935    0.3975197028   -2.1123759293
  -2.5952102770   -0.4834590437   -2.1123759293
  -0.0236465150   -0.1045648087    2.6741652000
   0.9997122025   -0.1045648087    2.4706064948
  -0.5353258737   -0.9908194552    2.4706064948
   0.4880328438   -0.9908194552    2.4706064948
   0.9997122025   -0.1045648087   -2.4706064948
  -0.5353258737   -0.9908194552   -2.4706064948
   0.4880328438   -0.9908194552   -2.4706064948
  -0.0236465150   -0.1045648087   -2.6741652000
   1.1751456335    0.4764743880    2.4003476000
   1.6958815295    1.3784154171    2.1626384597
   2.7538986486    1.4910773434    1.4965922495
   1.9547414137    2.1835510293    1.4965922495
   2.6342151907    2.3060897427    0.5341275898
   1.6958815295    2.7579674179    0.5341275898
   2.6342151907    2.3060897427   -0.5341275898
   1.6958815295    2.7579674179   -0.5341275898
   2.7538986486    1.4910773434   -1.4965922495
   1.9547414137    2.1835510293   -1.4965922495
   1.6958815295    1.3784154171   -2.1626384597
   1.1751456335    0.4764743880   -2.4003476000
   1.8361829164   -0.2090379188    2.3445604000
   2.8534495494   -0.2090379188    2.1123759293
   2.3448162329    0.6719408277    2.1123759293
   1.3275495999   -1.0900166653    2.1123759293
   2.3448162329   -1.0900166653    2.1123759293
   3.6692340497   -0.2090379188    1.4618094992
   3.3191524348    0.8684025040    1.4618094992
   2.4026268682   -1.9523731438    1.4618094992
   3.3191524348   -1.2864783416    1.4618094992
   4.1219602922   -0.2090379188    0.5217137699
   3.8601382671    0.8532157938    0.5217137699
   2.1117029331   -2.4781494039    0.5217137699
   3.1346524625   -2.0901958201    0.5217137699
   3.8601382671   -1.2712916314    0.5217137699
   4.1219602922   -0.2090379188   -0.5217137699
   3.8601382671    0.8532157938   -0.5217137699
   2.1117029331   -2.4781494039   -0.5217137699
   3.1346524625   -2.0901958201   -0.5217137699
   3.8601382671   -1.2712916314   -0.5217137699
   3.6692340497   -0.2090379188   -1.4618094992
   3.3191524348    0.8684025040   -1.4618094992
   2.4026268682   -1.9523731438   -1.4618094992
   3.3191524348   -1.2864783416   -1.4618094992
   2.8534495494   -0.2090379188   -2.1123759293
   2.3448162329    0.6719408277   -2.1123759293
   1.3275495999   -1.0900166653   -2.1123759293
   2.3448162329   -1.0900166653   -2.1123759293
   1.8361829164   -0.2090379188   -2.3445604000
  -0.1580823981   -1.2838872422    2.4003476000
  -1.1995541899   -1.2838872422    2.1626384597
  -0.6788182940   -2.1858282712    2.1626384597
   0.3626534979   -2.1858282712    2.1626384597
  -1.9587315079   -1.8126055253    1.4965922495
  -1.3870381383   -2.7021777724    1.4965922495
  -0.4251600046   -3.1414527973    1.4965922495
   0.6215133821   -2.9909638834    1.4965922495
   1.4206706170   -2.2984901975    1.4965922495
  -2.2664989964   -2.2992471618    0.5341275898
  -1.6171519553   -3.1135025968    0.5341275898
  -0.6788182940   -3.5653802720    0.5341275898
   0.3626534979   -3.5653802720    0.5341275898
   1.3009871591   -3.1135025968    0.5341275898
  -2.2664989964   -2.2992471618   -0.5341275898
  -1.6171519553   -3.1135025968   -0.5341275898
  -0.6788182940   -3.5653802720   -0.5341275898
   0.3626534979   -3.5653802720   -0.5341275898
   1.3009871591   -3.1135025968   -0.5341275898
  -1.9587315079   -1.8126055253   -1.4965922495
  -1.3870381383   -2.7021777724   -1.4965922495
  -0.4251600046   -3.1414527973   -1.4965922495
   0.6215133821   -2.9909638834   -1.4965922495
   1.4206706170   -2.2984901975   -1.4965922495
  -1.1995541899   -1.2838872422   -2.1626384597
  -0.6788182940   -2.1858282712   -2.1626384597
   0.3626534979   -2.1858282712   -2.1626384597
  -0.1580823981   -1.2838872422   -2.4003476000
  -3.4401352194    2.8408552829    0.5307016157
  -3.4401352194    2.8408552829   -0.5307016157
   0.8442082396    3.4349775894   -0.8750014600
  -0.0250833450    4.0158196563   -0.8750014600
  -1.0504826836    4.2197842662   -0.8750014600
  -2.0758820221    4.0158196563   -0.8750014600
  -2.9451736067    3.4349775894   -0.8750014600
   1.1798954719    2.6143801763   -1.9004007986
   0.4929868899    3.4757362937   -1.9004007986
  -0.4996247706    3.9537528758   -1.9004007986
  -1.6013405965    3.9537528758   -1.9004007986
  -2.5939522570    3.4757362937   -1.9004007986
  -3.2808608391    2.6143801763   -1.9004007986
   0.8442082396    1.5402866662   -2.7696923831
   0.5434327492    2.5646339157   -2.7696923831
  -0.2633996291    3.2637581512   -2.7696923831
  -1.3201253159    3.4156923677   -2.7696923831
  -2.2912413721    2.9721985249   -2.7696923831
  -2.8684253115    2.0740827844   -2.7696923831
  -2.8684253115    1.0064905480   -2.7696923831
  -2.2912413721    0.1083748075   -2.7696923831
  -0.0250833450    1.5402866662   -3.3505344501
  -0.5377830143    2.4283085425   -3.3505344501
  -1.5631823528    2.4283085425   -3.3505344501
  -2.0758820221    1.5402866662   -3.3505344501
  -1.5631823528    0.6522647900   -3.3505344501
  -0.5377830143    0.6522647900   -3.3505344501
  -1.0504826836    1.5402866662   -3.5544990600
  -1.0504826836    1.5402866662    3.5544990600
  -0.0250833450    1.5402866662    3.3505344501
  -0.5377830143    2.4283085425    3.3505344501
  -1.5631823528    2.4283085425    3.3505344501
  -2.0758820221    1.5402866662    3.3505344501
  -1.5631823528    0.6522647900    3.3505344501
  -0.5377830143    0.6522647900    3.3505344501
   0.8442082396    1.5402866662    2.7696923831
   0.5434327492    2.5646339157    2.7696923831
  -0.2633996291    3.2637581512    2.7696923831
  -1.3201253159    3.4156923677    2.7696923831
  -2.2912413721    2.9721985249    2.7696923831
  -2.8684253115    2.0740827844    2.7696923831
  -2.8684253115    1.0064905480    2.7696923831
  -2.2912413721    0.1083748075    2.7696923831
   1.1798954719    2.6143801763    1.9004007986
   0.4929868899    3.4757362937    1.9004007986
  -0.4996247706    3.9537528758    1.9004007986
  -1.6013405965    3.9537528758    1.9004007986
  -2.5939522570    3.4757362937    1.9004007986
  -3.2808608391    2.6143801763    1.9004007986
   0.8442082396    3.4349775894    0.8750014600
  -0.0250833450    4.0158196563    0.8750014600
  -1.0504826836    4.2197842662    0.8750014600
  -2.0758820221    4.0158196563    0.8750014600
  -2.9451736067    3.4349775894    0.8750014600
  -3.1119762992    0.3975197028    2.4755329901
  -2.5992766299   -0.4905021734    2.4755329901
  -3.9045195885    0.9313158210    1.8946909231
  -3.9045195885   -0.1362764154    1.8946909231
  -3.3273356491   -1.0343921558    1.8946909231
  -2.3562195929   -1.4778859986    1.8946909231
  -4.3169551161    1.4716132129    1.0253993386
  -4.5621099506    0.3975197028    1.0253993386
  -4.3169551161   -0.6765738072    1.0253993386
  -3.6300465340   -1.5379299247    1.0253993386
  -2.6374348736   -2.0159465067    1.0253993386
  -3.9812678837    2.2922106260    0.0000000000
  -4.5621099506    1.4229190414    0.0000000000
  -4.7660745606    0.3975197028    0.0000000000
  -4.5621099506   -0.6278796357    0.0000000000
  -3.9812678837   -1.4971712203    0.0000000000
  -3.1119762992   -2.0780132872    0.0000000000
  -4.3169551161    1.4716132129   -1.0253993386
  -4.5621099506    0.3975197028   -1.0253993386
  -4.3169551161   -0.6765738072   -1.0253993386
  -3.6300465340   -1.5379299247   -1.0253993386
  -2.6374348736   -2.0159465067   -1.0253993386
  -3.9045195885    0.9313158210   -1.8946909231
  -3.9045195885   -0.1362764154   -1.8946909231
  -3.3273356491   -1.0343921558   -1.8946909231
  -2.3562195929   -1.4778859986   -1.8946909231
  -3.1119762992    0.3975197028   -2.4755329901
  -2.5992766299   -0.4905021734   -2.4755329901
  -0.0236465150   -0.1045648087    3.0561888000
   1.0216316165   -0.1045648087    2.8718780631
  -0.5462855807   -1.0098022245    2.8718780631
   0.4989925507   -1.0098022245    2.8718780631
  -1.7249363544   -1.0868049554    2.3411764474
  -1.7249363544   -1.0868049554   -2.3411764474
   1.0216316165   -0.1045648087   -2.8718780631
  -0.5462855807   -1.0098022245   -2.8718780631
   0.4989925507   -1.0098022245   -2.8718780631
  -0.0236465150   -0.1045648087   -3.0561888000
   1.7000446383    1.3856261332    2.5344365926
   2.8550390122    1.4463612824    1.9397737888
   2.1450325279    2.1563677667    1.9397737888
   2.8710147275    2.3599278274    1.0497980096
   1.9583296118    2.8868668246    1.0497980096
   3.2024350973    2.3245929267    0.0000000000
   2.3979193393    2.9321350258    0.0000000000
   1.4282612166    3.2080265484    0.0000000000
   2.8710147275    2.3599278274   -1.0497980096
   1.9583296118    2.8868668246   -1.0497980096
   2.8550390122    1.4463612824   -1.9397737888
   2.1450325279    2.1563677667   -1.9397737888
   1.7000446383    1.3856261332   -2.5344365926
   1.8361829164   -0.2090379188    2.6794976000
   2.8615822550   -0.2090379188    2.4755329901
   2.3488825857    0.6789839574    2.4755329901
   2.3488825857   -1.0970597950    2.4755329901
   3.7308738395   -0.2090379188    1.8946909231
   3.4300983491    0.8153093307    1.8946909231
   2.6232659709   -1.9325094038    1.8946909231
   3.4300983491   -1.2333851683    1.8946909231
   4.3117159065   -0.2090379188    1.0253993386
   4.0665610719    0.8650555912    1.0253993386
   2.3870408294   -2.6225041283    1.0253993386
   3.3796524899   -2.1444875463    1.0253993386
   4.0665610719   -1.2831314288    1.0253993386
   4.5156805164   -0.2090379188    0.0000000000
   4.3117159065    0.8163614198    0.0000000000
   3.7308738395    1.6856530043    0.0000000000
   2.8615822550   -2.6845709089    0.0000000000
   3.7308738395   -2.1037288419    0.0000000000
   4.3117159065   -1.2344372574    0.0000000000
   4.3117159065   -0.2090379188   -1.0253993386
   4.0665610719    0.8650555912   -1.0253993386
   2.3870408294   -2.6225041283   -1.0253993386
   3.3796524899   -2.1444875463   -1.0253993386
   4.0665610719   -1.2831314288   -1.0253993386
   3.7308738395   -0.2090379188   -1.8946909231
   3.4300983491    0.8153093307   -1.8946909231
   2.6232659709   -1.9325094038   -1.8946909231
   3.4300983491   -1.2333851683   -1.8946909231
   2.8615822550   -0.2090379188   -2.4755329901
   2.3488825857    0.6789839574   -2.4755329901
   2.3488825857   -1.0970597950   -2.4755329901
   1.8361829164   -0.2090379188   -2.6794976000
  -0.6829814029   -2.1930389874    2.5344365926
   0.3668166068   -2.1930389874    2.5344365926
  -1.8379757767   -2.2537741365    1.9397737888
  -1.1279692924   -2.9637806208    1.9397737888
  -0.1580823981   -3.2236610309    1.9397737888
   0.8118044963   -2.9637806208    1.9397737888
   1.5218109806   -2.2537741365    1.9397737888
  -2.2084846727   -2.7735916942    1.0497980096
  -1.4253006944   -3.4787737157    1.0497980096
  -0.4230031603   -3.8044399260    1.0497980096
   0.6251015802   -3.6942796787    1.0497980096
   1.5377866959   -3.1673406815    1.0497980096
  -2.4904442966   -2.7280245893    0.0000000000
  -1.8112625159   -3.4730515122    0.0000000000
  -0.9088095997   -3.9224196698    0.0000000000
   0.0950331850   -4.0154394025    0.0000000000
   1.0646913077   -3.7395478799    0.0000000000
   1.8692070657   -3.1320057809    0.0000000000
  -2.2084846727   -2.7735916942   -1.0497980096
  -1.4253006944   -3.4787737157   -1.0497980096
  -0.4230031603   -3.8044399260   -1.0497980096
   0.6251015802   -3.6942796787   -1.0497980096
   1.5377866959   -3.1673406815   -1.0497980096
  -1.8379757767   -2.2537741365   -1.9397737888
  -1.1279692924   -2.9637806208   -1.9397737888
  -0.1580823981   -3.2236610309   -1.9397737888
   0.8118044963   -2.9637806208   -1.9397737888
   1.5218109806   -2.2537741365   -1.9397737888
  -0.6829814029   -2.1930389874   -2.5344365926
   0.3668166068   -2.1930389874   -2.5344365926
  -2.1449917744   -0.8439573303    2.7815722619
  -4.0103478945    2.4625365682    1.0624660619
   1.0091638651    3.5943225569    0.0000000000
  -2.8536327029    3.8837991412    0.0000000000
  -3.6549145385    3.2447982004    0.0000000000
  -4.0103478945    2.4625365682   -1.0624660619
  -2.1449917744   -0.8439573303   -2.7815722619
   0.2727534771    4.1977031112   -0.3515503503
  -0.7765712551    4.4962617386   -0.3515503503
  -1.8628892436    4.3955995528   -0.3515503503
  -2.8394872244    3.9093115399   -0.3515503503
   1.1433678336    3.5402456677   -1.3984525697
   0.2727534771    4.1977031112   -1.3984525697
  -0.7765712551    4.4962617386   -1.3984525697
  -1.8628892436    4.3955995528   -1.3984525697
  -2.8394872244    3.9093115399   -1.3984525697
  -3.5744702288    3.1030735905   -1.3984525697
   1.3343981815    2.6021040384   -2.3822188600
   0.6963343643    3.4803235406   -2.3822188600
  -0.2437699899    4.0230930426   -2.3822188600
  -1.3233622976    4.1365627665   -2.3822188600
  -2.3557712410    3.8011127662   -2.3822188600
  -3.1624839346    3.0747453943   -2.3822188600
  -3.6040124250    2.0830561682   -2.3822188600
   0.8871586561    1.5402866662   -3.1841924877
   0.5795649388    2.5878546640   -3.1841924877
  -0.2455573813    3.3028272243   -3.1841924877
  -1.3262377974    3.4582056109   -3.1841924877
  -2.3193679134    3.0046582839   -3.1841924877
  -2.9096359343    2.0861833151   -3.1841924877
  -2.9096359343    0.9943900174   -3.1841924877
  -2.3193679134    0.0759150485   -3.1841924877
  -1.3262377974   -0.3776322784   -3.1841924877
  -0.0194852612    1.5402866662   -3.7076435974
  -0.5349839724    2.4331566252   -3.7076435974
  -1.5659813947    2.4331566252   -3.7076435974
  -2.0814801059    1.5402866662   -3.7076435974
  -1.5659813947    0.6474167072   -3.7076435974
  -0.5349839724    0.6474167072   -3.7076435974
  -1.0504826836    1.5402866662   -3.8894362600
  -1.0504826836    1.5402866662    3.8894362600
  -0.0194852612    1.5402866662    3.7076435974
  -0.5349839724    2.4331566252    3.7076435974
  -1.5659813947    2.4331566252    3.7076435974
  -2.0814801059    1.5402866662    3.7076435974
  -1.5659813947    0.6474167072    3.7076435974
  -0.5349839724    0.6474167072    3.7076435974
   0.8871586561    1.5402866662    3.1841924877
   0.5795649388    2.5878546640    3.1841924877
  -0.2455573813    3.3028272243    3.1841924877
  -1.3262377974    3.4582056109    3.1841924877
  -2.3193679134    3.0046582839    3.1841924877
  -2.9096359343    2.0861833151    3.1841924877
  -2.9096359343    0.9943900174    3.1841924877
  -2.3193679134    0.0759150485    3.1841924877
  -1.3262377974   -0.3776322784    3.1841924877
   1.3343981815    2.6021040384    2.3822188600
   0.6963343643    3.4803235406    2.3822188600
  -0.2437699899    4.0230930426    2.3822188600
  -1.3233622976    4.1365627665    2.3822188600
  -2.3557712410    3.8011127662    2.3822188600
  -3.1624839346    3.0747453943    2.3822188600
  -3.6040124250    2.0830561682    2.3822188600
   1.1433678336    3.5402456677    1.3984525697
   0.2727534771    4.1977031112    1.3984525697
  -0.7765712551    4.4962617386    1.3984525697
  -1.8628892436    4.3955995528    1.3984525697
  -2.8394872244    3.9093115399    1.3984525697
  -3.5744702288    3.1030735905    1.3984525697
   0.2727534771    4.1977031112    0.3515503503
  -0.7765712551    4.4962617386    0.3515503503
  -1.8628892436    4.3955995528    0.3515503503
  -2.8394872244    3.9093115399    0.3515503503
  -3.1175743829    0.3975197028    2.8326421374
  -2.6020756717   -0.4953502561    2.8326421374
  -3.9457302113    0.9434163517    2.3091910277
  -3.9457302113   -0.1483769460    2.3091910277
  -3.3554621904   -1.0668519148    2.3091910277
  -2.3623320745   -1.5203992418    2.3091910277
  -4.1985782116    1.9319784309    1.5072174000
  -4.6401067020    0.9402892048    1.5072174000
  -4.6401067020   -0.1452497991    1.5072174000
  -4.1985782116   -1.1369390252    1.5072174000
  -3.3918655180   -1.8633063972    1.5072174000
  -4.6105645058    1.9603066271    0.5234511097
  -5.0046690063    0.9430056439    0.5234511097
  -5.0046690063   -0.1479662382    0.5234511097
  -4.6105645058   -1.1652672214    0.5234511097
  -3.8755815014   -1.9715051708    0.5234511097
  -4.6105645058    1.9603066271   -0.5234511097
  -5.0046690063    0.9430056439   -0.5234511097
  -5.0046690063   -0.1479662382   -0.5234511097
  -4.6105645058   -1.1652672214   -0.5234511097
  -3.8755815014   -1.9715051708   -0.5234511097
  -4.1985782116    1.9319784309   -1.5072174000
  -4.6401067020    0.9402892048   -1.5072174000
  -4.6401067020   -0.1452497991   -1.5072174000
  -4.1985782116   -1.1369390252   -1.5072174000
  -3.3918655180   -1.8633063972   -1.5072174000
  -3.9457302113    0.9434163517   -2.3091910277
  -3.9457302113   -0.1483769460   -2.3091910277
  -3.3554621904   -1.0668519148   -2.3091910277
  -2.3623320745   -1.5203992418   -2.3091910277
  -3.1175743829    0.3975197028   -2.8326421374
  -2.6020756717   -0.4953502561   -2.8326421374
  -0.0236465150   -0.1045648087    3.4382124000
   1.0388195469   -0.1045648087    3.2699343074
  -0.5548795459   -1.0246874089    3.2699343074
   0.5075865160   -1.0246874089    3.2699343074
  -1.7738237044   -1.1150300802    2.7815722619
  -1.7738237044   -1.1150300802   -2.7815722619
   1.0388195469   -0.1045648087   -3.2699343074
  -0.5548795459   -1.0246874089   -3.2699343074
   0.5075865160   -1.0246874089   -3.2699343074
  -0.0236465150   -0.1045648087   -3.4382124000
   1.7029102815    1.3905895728    2.9000429062
   2.8931202208    1.4683474785    2.3641366378
   2.1670187240    2.1944489753    2.3641366378
   3.0650256845    2.3663544390    1.5430806000
   2.1979413469    2.9457216707    1.5430806000
   3.5033657236    2.4300830070    0.5359062684
   2.6947833719    3.1085641601    0.5359062684
   1.7029102815    3.4695764411    0.5359062684
   3.5033657236    2.4300830070   -0.5359062684
   2.6947833719    3.1085641601   -0.5359062684
   1.7029102815    3.4695764411   -0.5359062684
   3.0650256845    2.3663544390   -1.5430806000
   2.1979413469    2.9457216707   -1.5430806000
   2.8931202208    1.4683474785   -2.3641366378
   2.1670187240    2.1944489753   -2.3641366378
   1.7029102815    1.3905895728   -2.9000429062
   1.8361829164   -0.2090379188    3.0144348000
   2.8671803388   -0.2090379188    2.8326421374
   2.3516816276   -1.1019078778    2.8326421374
   3.7738242561   -0.2090379188    2.3091910277
   3.4662305388    0.8385300790    2.3091910277
   2.6411082187   -1.9715784769    2.3091910277
   3.4662305388   -1.2566059166    2.3091910277
   4.4467600313   -0.2090379188    1.5072174000
   4.2210637815    0.8527794534    1.5072174000
   3.5829999642    1.7309989556    1.5072174000
   2.6428956100   -2.6918442952    1.5072174000
   3.5829999642   -2.1490747932    1.5072174000
   4.2210637815   -1.2708552910    1.5072174000
   4.8048216784   -0.2090379188    0.5234511097
   4.6043561211    0.8633580939    0.5234511097
   4.0300334335    1.7909210827    0.5234511097
   3.1594190771   -2.8664543638    0.5234511097
   4.0300334335   -2.2089969203    0.5234511097
   4.6043561211   -1.2814339315    0.5234511097
   4.8048216784   -0.2090379188   -0.5234511097
   4.6043561211    0.8633580939   -0.5234511097
   4.0300334335    1.7909210827   -0.5234511097
   3.1594190771   -2.8664543638   -0.5234511097
   4.0300334335   -2.2089969203   -0.5234511097
   4.6043561211   -1.2814339315   -0.5234511097
   4.4467600313   -0.2090379188   -1.5072174000
   4.2210637815    0.8527794534   -1.5072174000
   3.5829999642    1.7309989556   -1.5072174000
   2.6428956100   -2.6918442952   -1.5072174000
   3.5829999642   -2.1490747932   -1.5072174000
   4.2210637815   -1.2708552910   -1.5072174000
   3.7738242561   -0.2090379188   -2.3091910277
   3.4662305388    0.8385300790   -2.3091910277
   2.6411082187   -1.9715784769   -2.3091910277
   3.4662305388   -1.2566059166   -2.3091910277
   2.8671803388   -0.2090379188   -2.8326421374
   2.3516816276   -1.1019078778   -2.8326421374
   1.8361829164   -0.2090379188   -3.0144348000
  -0.6858470460   -2.1980024269    2.9000429062
   0.3696822499   -2.1980024269    2.9000429062
  -1.8760569853   -2.2757603326    2.3641366378
  -1.1499554885   -3.0018618294    2.3641366378
  -0.1580823981   -3.2676334230    2.3641366378
   0.8337906924   -3.0018618294    2.3641366378
   1.5598921892   -2.2757603326    2.3641366378
  -2.6273296808   -2.3066829555    1.5430806000
  -2.0479624491   -3.1737672932    1.5430806000
  -1.1808781114   -3.7531345248    1.5430806000
  -0.1580823981   -3.9565812415    1.5430806000
   0.8647133153   -3.7531345248    1.5430806000
   1.7317976529   -3.1737672932    1.5430806000
  -2.4863024882   -3.2374958611    0.5359062684
  -1.6777201365   -3.9159770142    0.5359062684
  -0.6858470460   -4.2769892953    0.5359062684
   0.3696822499   -4.2769892953    0.5359062684
   1.3615553403   -3.9159770142    0.5359062684
   2.1701376920   -3.2374958611    0.5359062684
  -2.4863024882   -3.2374958611   -0.5359062684
  -1.6777201365   -3.9159770142   -0.5359062684
  -0.6858470460   -4.2769892953   -0.5359062684
   0.3696822499   -4.2769892953   -0.5359062684
   1.3615553403   -3.9159770142   -0.5359062684
   2.1701376920   -3.2374958611   -0.5359062684
  -2.6273296808   -2.3066829555   -1.5430806000
  -2.0479624491   -3.1737672932   -1.5430806000
  -1.1808781114   -3.7531345248   -1.5430806000
  -0.1580823981   -3.9565812415   -1.5430806000
   0.8647133153   -3.7531345248   -1.5430806000
   1.7317976529   -3.1737672932   -1.5430806000
  -1.8760569853   -2.2757603326   -2.3641366378
  -1.1499554885   -3.0018618294   -2.3641366378
  -0.1580823981   -3.2676334230   -2.3641366378
   0.8337906924   -3.0018618294   -2.3641366378
   1.5598921892   -2.2757603326   -2.3641366378
  -0.6858470460   -2.1980024269   -2.9000429062
   0.3696822499   -2.1980024269   -2.9000429062
  -2.9231941663   -0.1264678977    3.2137870312
  -2.1672142599   -0.8824478042    3.2137870312
  -3.6107851253    3.7639746502    0.5436762685
  -4.3156018161    2.9505728284    0.5436762685
  -3.6107851253    3.7639746502   -0.5436762685
  -4.3156018161    2.9505728284   -0.5436762685
  -2.9231941663   -0.1264678977   -3.2137870312
  -2.1672142599   -0.8824478042   -3.2137870312
   0.9182287825    4.2499855347   -0.8750014600
  -0.0154698151    4.7257287323   -0.8750014600
  -1.0504826836    4.8896586662   -0.8750014600
  -2.0854955520    4.7257287323   -0.8750014600
  -3.0191941496    4.2499855347   -0.8750014600
   1.4632786911    3.4968256788   -1.9100143285
   0.6917889873    4.2070319824   -1.9100143285
  -0.2685028862    4.6282550522   -1.9100143285
  -1.3135344044    4.7148488327   -1.9100143285
  -2.3300601870    4.4574295440   -1.9100143285
  -3.2079238924    3.8838925603   -1.9100143285
  -3.8519953667    3.0563895133   -1.9100143285
   1.4529526403    2.5772435299   -2.8437129260
   0.8655637613    3.4563331111   -2.8437129260
  -0.0135258199    4.0437219901   -2.8437129260
  -1.0504826836    4.2499855347   -2.8437129260
  -2.0874395472    4.0437219901   -2.8437129260
  -2.9665291284    3.4563331111   -2.8437129260
  -3.5539180074    2.5772435299   -2.8437129260
  -3.7601815520    1.5402866662   -2.8437129260
   0.9182287825    1.5402866662   -3.5847003285
   0.6057027924    2.6046524426   -3.5847003285
  -0.2326503843    3.3310896054   -3.5847003285
  -1.3306595375    3.4889594882   -3.5847003285
  -2.3397145191    3.0281395187   -3.5847003285
  -2.9394475023    2.0949367812   -3.5847003285
  -2.9394475023    0.9856365512   -3.5847003285
  -2.3397145191    0.0524338137   -3.5847003285
  -1.3306595375   -0.4083861557   -3.5847003285
  -0.0154698151    1.5402866662   -4.0604435261
  -0.5329762493    2.4366341036   -4.0604435261
  -1.5679891178    2.4366341036   -4.0604435261
  -2.0854955520    1.5402866662   -4.0604435261
  -1.5679891178    0.6439392289   -4.0604435261
  -0.5329762493    0.6439392289   -4.0604435261
  -1.0504826836    1.5402866662   -4.2243734600
  -1.0504826836    1.5402866662    4.2243734600
  -0.0154698151    1.5402866662    4.0604435261
  -0.5329762493    2.4366341036    4.0604435261
  -1.5679891178    2.4366341036    4.0604435261
  -2.0854955520    1.5402866662    4.0604435261
  -1.5679891178    0.6439392289    4.0604435261
  -0.5329762493    0.6439392289    4.0604435261
   0.9182287825    1.5402866662    3.5847003285
   0.6057027924    2.6046524426    3.5847003285
  -0.2326503843    3.3310896054    3.5847003285
  -1.3306595375    3.4889594882    3.5847003285
  -2.3397145191    3.0281395187    3.5847003285
  -2.9394475023    2.0949367812    3.5847003285
  -2.9394475023    0.9856365512    3.5847003285
  -2.3397145191    0.0524338137    3.5847003285
  -1.3306595375   -0.4083861557    3.5847003285
   1.4529526403    2.5772435299    2.8437129260
   0.8655637613    3.4563331111    2.8437129260
  -0.0135258199    4.0437219901    2.8437129260
  -1.0504826836    4.2499855347    2.8437129260
  -2.0874395472    4.0437219901    2.8437129260
  -2.9665291284    3.4563331111    2.8437129260
  -3.5539180074    2.5772435299    2.8437129260
  -3.7601815520    1.5402866662    2.8437129260
   1.4632786911    3.4968256788    1.9100143285
   0.6917889873    4.2070319824    1.9100143285
  -0.2685028862    4.6282550522    1.9100143285
  -1.3135344044    4.7148488327    1.9100143285
  -2.3300601870    4.4574295440    1.9100143285
  -3.2079238924    3.8838925603    1.9100143285
  -3.8519953667    3.0563895133    1.9100143285
   0.9182287825    4.2499855347    0.8750014600
  -0.0154698151    4.7257287323    0.8750014600
  -1.0504826836    4.8896586662    0.8750014600
  -2.0854955520    4.7257287323    0.8750014600
  -3.0191941496    4.2499855347    0.8750014600
  -3.9755417793    0.9521698179    2.7096988685
  -3.9755417793   -0.1571304122    2.7096988685
  -3.3758087962   -1.0903331496    2.7096988685
  -2.3667538145   -1.5511531191    2.7096988685
  -4.5900122844    1.4344765665    1.9687114660
  -4.7962758291    0.3975197028    1.9687114660
  -4.5900122844   -0.6394371608    1.9687114660
  -4.0026234055   -1.5185267420    1.9687114660
  -3.1235338242   -2.1059156210    1.9687114660
  -4.8880896437    1.9136225499    1.0350128685
  -5.2285737488    0.9218262346    1.0350128685
  -5.2285737488   -0.1267868289    1.0350128685
  -4.8880896437   -1.1185831442    1.0350128685
  -4.2440181694   -1.9460861912    1.0350128685
  -3.3661544640   -2.5196231749    1.0350128685
  -4.7962758291    2.3662311689    0.0000000000
  -5.2720190267    1.4325325713    0.0000000000
  -5.4359489606    0.3975197028    0.0000000000
  -5.2720190267   -0.6374931656    0.0000000000
  -4.7962758291   -1.5711917632    0.0000000000
  -4.0552884266   -2.3121791656    0.0000000000
  -4.8880896437    1.9136225499   -1.0350128685
  -5.2285737488    0.9218262346   -1.0350128685
  -5.2285737488   -0.1267868289   -1.0350128685
  -4.8880896437   -1.1185831442   -1.0350128685
  -4.2440181694   -1.9460861912   -1.0350128685
  -3.3661544640   -2.5196231749   -1.0350128685
  -4.5900122844    1.4344765665   -1.9687114660
  -4.7962758291    0.3975197028   -1.9687114660
  -4.5900122844   -0.6394371608   -1.9687114660
  -4.0026234055   -1.5185267420   -1.9687114660
  -3.1235338242   -2.1059156210   -1.9687114660
  -3.9755417793    0.9521698179   -2.7096988685
  -3.9755417793   -0.1571304122   -2.7096988685
  -3.3758087962   -1.0903331496   -2.7096988685
  -2.3667538145   -1.5511531191   -2.7096988685
  -0.0236465150   -0.1045648087    3.8202360000
   1.0526383411   -0.1045648087    3.6654895995
  -0.5617889430   -1.0366548357    3.6654895995
   0.5144959131   -1.0366548357    3.6654895995
  -1.8123141784   -1.1372525656    3.2137870312
   1.0090412420   -1.8932324721    3.2137870312
  -1.8123141784   -1.1372525656   -3.2137870312
   1.0090412420   -1.8932324721   -3.2137870312
   1.0526383411   -0.1045648087   -3.6654895995
  -0.5617889430   -1.0366548357   -3.6654895995
   0.5144959131   -1.0366548357   -3.6654895995
  -0.0236465150   -0.1045648087   -3.8202360000
   2.2347859204    0.4764743880    3.2612374662
   1.7049657770    1.3941497953    3.2612374662
   2.9206679854    1.4842521878    2.7741742869
   2.1829234333    2.2219967400    2.7741742869
   3.1367830840    2.4381118385    2.0155555995
   2.2367761716    3.0394772313    2.0155555995
   3.7487202289    2.4795678989    1.0596402869
   2.9588734589    3.2066730724    1.0596402869
   1.9757321016    3.6379188551    1.0596402869
   4.0083745749    2.4081371729    0.0000000000
   3.3131345614    3.1574277060    0.0000000000
   2.4279248493    3.6685037716    0.0000000000
   1.4314002061    3.8959540184    0.0000000000
   3.7487202289    2.4795678989   -1.0596402869
   2.9588734589    3.2066730724   -1.0596402869
   1.9757321016    3.6379188551   -1.0596402869
   3.1367830840    2.4381118385   -2.0155555995
   2.2367761716    3.0394772313   -2.0155555995
   2.9206679854    1.4842521878   -2.7741742869
   2.1829234333    2.2219967400   -2.7741742869
   2.2347859204    0.4764743880   -3.2612374662
   1.7049657770    1.3941497953   -3.2612374662
   1.8361829164   -0.2090379188    3.3493720000
   2.8711957849   -0.2090379188    3.1854420661
   2.3536893507   -1.1053853562    3.1854420661
   3.8048943825   -0.2090379188    2.7096988685
   3.4923683923    0.8553278575    2.7096988685
   2.6540152157   -1.9998408579    2.7096988685
   3.4923683923   -1.2734036951    2.7096988685
   4.5458817849   -0.2090379188    1.9687114660
   4.3396182403    0.8279189449    1.9687114660
   3.7522293613    1.7070085261    1.9687114660
   2.8731397801   -2.7124732427    1.9687114660
   3.7522293613   -2.1250843637    1.9687114660
   4.3396182403   -1.2459947825    1.9687114660
   5.0216249825   -0.2090379188    1.0350128685
   4.8490289450    0.8252734292    1.0350128685
   4.3499442911    1.7475010937    1.0350128685
   2.6181627138   -3.2970063048    1.0350128685
   3.5784545873   -2.8757832350    1.0350128685
   4.3499442911   -2.1655769313    1.0350128685
   4.8490289450   -1.2433492668    1.0350128685
   5.1855549164   -0.2090379188    0.0000000000
   5.0216249825    0.8259749497    0.0000000000
   4.5458817849    1.7596735472    0.0000000000
   2.8711957849   -3.3944799849    0.0000000000
   3.8048943825   -2.9187367873    0.0000000000
   4.5458817849   -2.1777493848    0.0000000000
   5.0216249825   -1.2440507873    0.0000000000
   5.0216249825   -0.2090379188   -1.0350128685
   4.8490289450    0.8252734292   -1.0350128685
   4.3499442911    1.7475010937   -1.0350128685
   2.6181627138   -3.2970063048   -1.0350128685
   3.5784545873   -2.8757832350   -1.0350128685
   4.3499442911   -2.1655769313   -1.0350128685
   4.8490289450   -1.2433492668   -1.0350128685
   4.5458817849   -0.2090379188   -1.9687114660
   4.3396182403    0.8279189449   -1.9687114660
   3.7522293613    1.7070085261   -1.9687114660
   2.8731397801   -2.7124732427   -1.9687114660
   3.7522293613   -2.1250843637   -1.9687114660
   4.3396182403   -1.2459947825   -1.9687114660
   3.8048943825   -0.2090379188   -2.7096988685
   3.4923683923    0.8553278575   -2.7096988685
   2.6540152157   -1.9998408579   -2.7096988685
   3.4923683923   -1.2734036951   -2.7096988685
   2.8711957849   -0.2090379188   -3.1854420661
   2.3536893507   -1.1053853562   -3.1854420661
   1.8361829164   -0.2090379188   -3.3493720000
  -0.6879025415   -2.2015626495    3.2612374662
   0.3717377454   -2.2015626495    3.2612374662
  -1.9036047500   -2.2916650419    2.7741742869
  -1.1658601978   -3.0294095941    2.7741742869
  -0.1580823981   -3.2994428417    2.7741742869
   0.8496954017   -3.0294095941    2.7741742869
   1.5874399538   -2.2916650419    2.7741742869
  -2.7210852413   -2.3455177802    2.0155555995
  -2.1197198485   -3.2455246926    2.0155555995
  -1.2197129361   -3.8468900854    2.0155555995
  -0.1580823981   -4.0580615290    2.0155555995
   0.9035481400   -3.8468900854    2.0155555995
   1.8035550524   -3.2455246926    2.0155555995
  -3.0262551461   -2.8360647123    1.0596402869
  -2.3668584346   -3.6832576244    1.0596402869
  -1.4681065670   -4.2704415256    1.0596402869
  -0.4273932535   -4.5339859290    1.0596402869
   0.6425040700   -4.4453317092    1.0596402869
   1.6256454273   -4.0140859265    1.0596402869
  -3.2475659120   -2.7717040877    0.0000000000
  -2.6717671141   -3.6162458117    0.0000000000
  -1.8726163981   -4.2535472415    0.0000000000
  -0.9211218120   -4.6269813481    0.0000000000
   0.0981721745   -4.7033668726    0.0000000000
   1.0946968177   -4.4759166257    0.0000000000
   1.9799065298   -3.9648405601    0.0000000000
  -3.0262551461   -2.8360647123   -1.0596402869
  -2.3668584346   -3.6832576244   -1.0596402869
  -1.4681065670   -4.2704415256   -1.0596402869
  -0.4273932535   -4.5339859290   -1.0596402869
   0.6425040700   -4.4453317092   -1.0596402869
   1.6256454273   -4.0140859265   -1.0596402869
  -2.7210852413   -2.3455177802   -2.0155555995
  -2.1197198485   -3.2455246926   -2.0155555995
  -1.2197129361   -3.8468900854   -2.0155555995
  -0.1580823981   -4.0580615290   -2.0155555995
   0.9035481400   -3.8468900854   -2.0155555995
   1.8035550524   -3.2455246926   -2.0155555995
  -1.9036047500   -2.2916650419   -2.7741742869
  -1.1658601978   -3.0294095941   -2.7741742869
  -0.1580823981   -3.2994428417   -2.7741742869
   0.8496954017   -3.0294095941   -2.7741742869
   1.5874399538   -2.2916650419   -2.7741742869
  -0.6879025415   -2.2015626495   -3.2612374662
   0.3717377454   -2.2015626495   -3.2612374662
