    0.0049077869
    0.0068463176
    0.0048832247
    0.0059787143
    0.0064069789
    0.0057748311
    0.0107145319
    0.0103006059
    0.0107252193
    0.0094099496
    0.0070153169
    0.0118818289
    0.0127354828
    0.0112152665
    0.0101076411
    0.0120317588
    0.0131251647
    0.0110086764
    0.0082670080
    0.0141706480
    0.0213144776
    0.0071073426
    0.0124113356
    0.0173233581
    0.0245236986
    0.0074942739
    0.0132010919
    0.0116921137
    0.0132992284
    0.0113761577
    0.0088847395
    0.0114844569
    0.0120849628
    0.0101922507
    0.0081419661
    0.0060842437
    0.0105028113
    0.0065638498
    0.0047835097
    0.0116209567
    0.0128788731
    0.0122137207
    0.0126400322
    0.0121941864
    0.0122872452
    0.0116709467
    0.0129728559
    0.0125690552
    0.0116289635
    0.0082090871
    0.0109143450
    0.0106469173
    0.0079599378
    0.0143414906
    0.0101760759
    0.0150763129
    0.0192632744
    0.0193940938
    0.0129378881
    0.0086020844
    0.0098793988
    0.0129334337
    0.0155985164
    0.0122239630
    0.0097443636
    0.0012725576
    0.0042840865
    0.0102683797
    0.0090868021
   -0.0007719295
    0.0073833778
    0.0122199983
    0.0159879127
    0.0096069507
    0.0140607337
   -0.0021244397
   -0.0053039732
    0.0023347983
    0.0052251595
    0.0060321771
    0.0089158923
    0.0102890114
    0.0069155306
    0.0114821795
    0.0121506690
    0.0171951345
    0.0137730723
    0.0224133478
    0.0134894765
    0.0128544689
    0.0187938825
    0.0202734837
    0.0160045511
    0.0068054800
    0.0192613041
    0.0148215396
    0.0256468865
    0.0065338496
    0.0081364521
    0.0160876469
    0.0234098760
    0.0182293250
    0.0147327013
    0.0103119722
    0.0179376026
    0.0233503060
    0.0221333864
    0.0195413038
    0.0225703461
   -0.0192522632
   -0.0119446843
   -0.0179848805
   -0.0229963249
   -0.0235566296
   -0.0221649926
   -0.0155815804
   -0.0082867184
   -0.0135479551
   -0.0204844307
   -0.0231082545
   -0.0210159019
   -0.0187855522
   -0.0197879541
   -0.0230197276
   -0.0227385771
   -0.0168307734
   -0.0098534540
   -0.0113368884
   -0.0155077881
   -0.0209402111
   -0.0228083509
   -0.0183224854
   -0.0094690265
   -0.0041890268
   -0.0020906703
   -0.0079758685
   -0.0179162524
   -0.0235245237
   -0.0226041314
   -0.0171991662
   -0.0120477223
   -0.0185363734
   -0.0206842543
   -0.0227360745
   -0.0214605814
   -0.0151417485
   -0.0025313171
   -0.0158862500
   -0.0226370631
   -0.0237366274
   -0.0213463743
   -0.0187723990
   -0.0234123483
   -0.0230656340
   -0.0193498156
    0.0056860431
   -0.0103781155
   -0.0197240051
   -0.0231980838
   -0.0234878353
   -0.0197377764
   -0.0155649160
    0.0022707409
   -0.0124096604
   -0.0187371489
   -0.0048692958
    0.0071523962
    0.0090040692
    0.0051684515
    0.0041626874
    0.0048733787
    0.0080167686
    0.0080528931
    0.0071307610
    0.0072559051
    0.0069742374
    0.0061051806
    0.0102997187
    0.0094272437
    0.0095507838
    0.0091842658
    0.0080329505
    0.0071781855
    0.0101779448
    0.0104561694
    0.0102099285
    0.0092251899
    0.0097629531
    0.0102143249
    0.0072438399
    0.0122076689
    0.0090503121
    0.0137245187
    0.0077733392
    0.0112807910
    0.0151387771
    0.0075347579
    0.0110254929
    0.0149172843
    0.0212244122
    0.0083914175
    0.0123914498
    0.0094725901
    0.0110872402
    0.0096969328
    0.0083319912
    0.0080097909
    0.0107835472
    0.0110305901
    0.0094099849
    0.0081197977
    0.0067087586
    0.0058714148
    0.0089766646
    0.0071972411
    0.0058426166
    0.0047306689
    0.0085532541
    0.0071669184
    0.0080063539
    0.0098643289
    0.0101514431
    0.0103705709
    0.0103546332
    0.0102496564
    0.0106785842
    0.0103925672
    0.0094863075
    0.0093068382
    0.0101673422
    0.0103854298
    0.0100029154
    0.0074314054
    0.0086305191
    0.0090876293
    0.0090323928
    0.0074184647
    0.0199081118
    0.0116909580
    0.0088634264
    0.0111092586
    0.0136883406
    0.0157135860
    0.0148395434
    0.0108401612
    0.0084363807
    0.0083458505
    0.0100459383
    0.0118064616
    0.0126630426
    0.0103690932
    0.0054414436
    0.0095894129
   -0.0020380903
   -0.0006490555
    0.0055101636
    0.0065308540
   -0.0044971862
    0.0034725068
    0.0080387012
    0.0108909441
    0.0133205719
    0.0035379245
    0.0078076291
    0.0109554766
   -0.0036283494
    0.0011017449
   -0.0021593727
    0.0025485930
    0.0051527612
    0.0072988042
    0.0056549010
    0.0074368975
    0.0089525103
    0.0066856221
    0.0097226302
    0.0100554181
    0.0134021531
    0.0086531784
    0.0040140443
    0.0138564715
    0.0145014911
    0.0132812446
    0.0078529533
    0.0179348121
    0.0140699580
    0.0088176770
    0.0158745718
    0.0136629986
    0.0087116467
    0.0030288087
    0.0081678916
    0.0126278503
    0.0180772046
    0.0150327163
    0.0121595873
    0.0091771191
    0.0150649033
    0.0185470584
    0.0178516637
    0.0157122648
    0.0189659061
   -0.0161297415
   -0.0121570137
   -0.0153352694
   -0.0179203359
   -0.0182211144
   -0.0176141176
   -0.0141404679
   -0.0095697215
   -0.0125110689
   -0.0164002634
   -0.0178078422
   -0.0165311478
   -0.0152786978
   -0.0159949502
   -0.0179509775
   -0.0178538520
   -0.0144921362
   -0.0104989730
   -0.0102410200
   -0.0126000664
   -0.0158993818
   -0.0176299379
   -0.0160447259
   -0.0114701244
   -0.0074922705
   -0.0056496475
   -0.0067551831
   -0.0116534097
   -0.0166071854
   -0.0185389763
   -0.0169992554
   -0.0135087139
   -0.0105938627
   -0.0136841969
   -0.0152453654
   -0.0171235840
   -0.0173648649
   -0.0144955410
    0.0015123779
   -0.0091718451
   -0.0158231595
   -0.0185134976
   -0.0179457309
   -0.0157207918
   -0.0138389146
   -0.0173069919
   -0.0177177512
   -0.0173295848
   -0.0144185225
   -0.0086761479
   -0.0007415164
   -0.0105581506
   -0.0161666406
   -0.0182817496
   -0.0181444305
   -0.0174265424
   -0.0177375458
   -0.0165190492
   -0.0123307515
    0.0045710046
   -0.0062421086
   -0.0132575215
   -0.0166512106
   -0.0177448030
   -0.0124037179
   -0.0084884586
   -0.0057724841
   -0.0114912710
   -0.0002467868
    0.0085180976
    0.0044103738
    0.0049679686
    0.0063988921
    0.0052957343
    0.0047678252
    0.0048273231
    0.0082937541
    0.0088823614
    0.0067066009
    0.0064529886
    0.0063314816
    0.0059383741
    0.0055762335
    0.0085064787
    0.0082220093
    0.0080837627
    0.0075682893
    0.0069518045
    0.0091348395
    0.0090699304
    0.0087957799
    0.0082864138
    0.0092635030
    0.0090769323
    0.0108002865
    0.0062962310
    0.0091948545
    0.0133771742
    0.0056581139
    0.0079913088
    0.0107316983
    0.0142417665
    0.0079666100
    0.0107429056
    0.0145715447
    0.0078902882
    0.0093766308
    0.0080481958
    0.0070155268
    0.0071304060
    0.0097952818
    0.0101082842
    0.0083437731
    0.0073046363
    0.0063128904
    0.0055342028
    0.0087029103
    0.0069481761
    0.0057948701
    0.0049064955
    0.0075997307
    0.0070879545
    0.0076082289
    0.0085817773
    0.0090314058
    0.0091507143
    0.0086408567
    0.0090178369
    0.0090920467
    0.0087101918
    0.0081720526
    0.0085955674
    0.0089460441
    0.0089142340
    0.0077250776
    0.0081670580
    0.0154579598
    0.0103228869
    0.0083848020
    0.0108123365
    0.0128803757
    0.0141353394
    0.0128743458
    0.0095119899
    0.0077459113
    0.0078350179
    0.0091517033
    0.0104271902
    0.0110456147
    0.0091782096
    0.0080599802
   -0.0022802751
    0.0037384901
    0.0047625826
    0.0011195996
    0.0055080879
    0.0083512825
    0.0059602536
    0.0088302117
   -0.0056056220
   -0.0003822196
    0.0006131830
    0.0034758569
    0.0057383085
    0.0038668798
    0.0055774652
    0.0072401383
    0.0044304408
    0.0082462122
    0.0086769110
    0.0122296599
    0.0154636904
    0.0058768806
    0.0113680316
    0.0115229757
    0.0089684353
    0.0137982982
    0.0100828919
    0.0160735445
    0.0099124051
    0.0049504432
    0.0054424332
    0.0093903883
    0.0145937875
    0.0116930195
    0.0088201491
    0.0061417185
    0.0123624053
    0.0152414117
    0.0128965828
    0.0164094559
   -0.0134428991
   -0.0112740180
   -0.0129503315
   -0.0142257650
   -0.0143640492
   -0.0141994246
   -0.0123874143
   -0.0095706078
   -0.0112195612
   -0.0133655533
   -0.0139975253
   -0.0130707446
   -0.0122948601
   -0.0128482409
   -0.0141930401
   -0.0143193715
   -0.0124532196
   -0.0101413127
   -0.0094533092
   -0.0107590617
   -0.0126584641
   -0.0138352840
   -0.0132616975
   -0.0108561114
   -0.0080982462
   -0.0065097395
   -0.0063974166
   -0.0083400960
   -0.0115551234
   -0.0140356360
   -0.0146207037
   -0.0133716341
   -0.0112643602
   -0.0096364918
   -0.0109890736
   -0.0119229592
   -0.0131948280
   -0.0138337772
   -0.0129525015
   -0.0098576042
    0.0029552228
    0.0041518339
   -0.0011062240
   -0.0071644471
   -0.0117808250
   -0.0142678886
   -0.0147102401
   -0.0136902546
   -0.0121477933
   -0.0110498182
   -0.0131628967
   -0.0135771096
   -0.0138828112
   -0.0132483054
   -0.0110377878
   -0.0069937915
   -0.0034603083
   -0.0094656319
   -0.0130341435
   -0.0145385384
   -0.0145399394
   -0.0138384940
   -0.0132255891
   -0.0142985419
   -0.0139869966
   -0.0128206739
   -0.0098583140
   -0.0023570773
   -0.0083230296
   -0.0120451973
   -0.0138584083
   -0.0144040759
   -0.0144044179
   -0.0127188671
   -0.0113367101
   -0.0075190370
    0.0045446155
   -0.0033789325
   -0.0087005842
   -0.0115936092
   -0.0127547583
   -0.0073016651
   -0.0038739865
   -0.0016060119
   -0.0065226200
    0.0024517208
    0.0076122684
    0.0069419868
    0.0045617564
    0.0056749870
    0.0048272671
    0.0044176297
    0.0043714381
    0.0052042531
    0.0069323717
    0.0053336155
    0.0085031090
    0.0054612259
    0.0052096238
    0.0050117866
    0.0071297218
    0.0066156549
    0.0064587599
    0.0062333506
    0.0059307061
    0.0079444787
    0.0075939750
    0.0074073793
    0.0070756635
    0.0068270997
    0.0083583671
    0.0081198476
    0.0078703582
    0.0077383334
    0.0087052900
    0.0082514074
    0.0095957106
    0.0060045575
    0.0082041459
    0.0118951852
    0.0061630343
    0.0080998432
    0.0105538294
    0.0060272011
    0.0077460249
    0.0098627745
    0.0128046855
    0.0072909501
    0.0094752594
    0.0128095868
    0.0065969735
    0.0076957991
    0.0067961662
    0.0061257209
    0.0063627489
    0.0079168274
    0.0087038240
    0.0073107916
    0.0065219415
    0.0058144624
    0.0053479891
    0.0083047523
    0.0069435469
    0.0060388906
    0.0053160242
    0.0047490022
    0.0078958110
    0.0070028450
    0.0080999749
    0.0069003596
    0.0072547131
    0.0082715669
    0.0081823884
    0.0073313019
    0.0076706037
    0.0079617478
    0.0079578178
    0.0078987452
    0.0074877920
    0.0077861054
    0.0080034656
    0.0080137088
    0.0071775490
    0.0074418913
    0.0077593045
    0.0079646662
    0.0069965406
    0.0073907852
    0.0132315212
    0.0088836547
    0.0075685657
    0.0097077437
    0.0109834380
    0.0115991445
    0.0106260625
    0.0084524698
    0.0073343513
    0.0074846849
    0.0083951493
    0.0092405435
    0.0095561063
    0.0082906550
    0.0023426558
    0.0052931159
    0.0017506214
    0.0024676231
   -0.0004238028
    0.0036752893
    0.0062085106
    0.0078435569
   -0.0004798361
    0.0034507902
    0.0062251991
    0.0085381584
   -0.0034912987
    0.0002979885
    0.0029790369
   -0.0013475614
    0.0015713700
    0.0037621672
    0.0057301585
    0.0041911865
    0.0052891206
    0.0067771299
    0.0052822948
    0.0076234170
    0.0078746809
    0.0078814679
    0.0128871844
    0.0086683516
    0.0085047394
    0.0080857843
    0.0054819495
    0.0113784035
    0.0090352350
    0.0049548777
    0.0119955793
    0.0089244974
    0.0120210971
    0.0084484829
    0.0049479735
    0.0060196672
    0.0090222176
    0.0130840874
    0.0105935870
    0.0082339564
    0.0062862197
    0.0110246218
    0.0134480387
    0.0113237855
   -0.0113089819
   -0.0101374389
   -0.0110041483
   -0.0115708346
   -0.0116156843
   -0.0116867419
   -0.0107770447
   -0.0090540902
   -0.0098677594
   -0.0109781073
   -0.0113752608
   -0.0108430459
   -0.0101550703
   -0.0101278193
   -0.0109037368
   -0.0117267491
   -0.0116265627
   -0.0105303970
   -0.0093363268
   -0.0087387934
   -0.0094521531
   -0.0105143533
   -0.0112185141
   -0.0109687316
   -0.0096207935
   -0.0077825028
   -0.0064332295
   -0.0059894824
   -0.0066549205
   -0.0084048418
   -0.0104167852
   -0.0117128259
   -0.0118523567
   -0.0110027922
   -0.0097605270
   -0.0088441755
   -0.0093705574
   -0.0099374210
   -0.0107402508
   -0.0112102112
   -0.0107900128
   -0.0090613503
   -0.0058656406
   -0.0022070782
   -0.0001609645
    0.0006262751
    0.0006602461
   -0.0010869635
   -0.0045230648
   -0.0080631789
   -0.0106261514
   -0.0118727652
   -0.0119027364
   -0.0111211414
   -0.0101071981
   -0.0094158660
   -0.0105659849
   -0.0108658410
   -0.0111947782
   -0.0110932336
   -0.0101228774
   -0.0079614426
    0.0029826115
   -0.0028346300
   -0.0072198553
   -0.0101074953
   -0.0116177405
   -0.0119977777
   -0.0116462247
   -0.0110422523
   -0.0106073908
   -0.0115100582
   -0.0114438686
   -0.0110839438
   -0.0099800716
   -0.0077656316
   -0.0045050439
    0.0022484765
   -0.0035302042
   -0.0075424776
   -0.0100946311
   -0.0114116601
   -0.0118299502
   -0.0117670381
   -0.0115958971
   -0.0112258082
   -0.0106416058
   -0.0091924391
   -0.0062216917
    0.0051941344
   -0.0009181726
   -0.0054853062
   -0.0085555355
   -0.0103138970
   -0.0111208741
   -0.0113554021
   -0.0088704619
   -0.0075842909
   -0.0044157554
   -0.0015835657
   -0.0056126544
   -0.0079407666
   -0.0089451102
   -0.0039275756
   -0.0014421508
   -0.0001575220
   -0.0034680000
    0.0038322745
