    0.0052262449
    0.0027768352
    0.0066984655
    0.0076391811
    0.0068429347
    0.0073058699
    0.0054341685
    0.0105468509
    0.0107900959
    0.0110233634
    0.0087079052
    0.0049407712
    0.0114553069
    0.0121498141
    0.0096423954
    0.0089110397
    0.0109535597
    0.0051484582
    0.0074518941
    0.0051628469
    0.0092063965
    0.0111746575
    0.0050335432
    0.0094370068
    0.0120395679
    0.0155236176
    0.0061960761
    0.0107941408
    0.0100358013
    0.0118435101
    0.0121359634
    0.0097515964
    0.0067006915
    0.0063710401
    0.0156648703
    0.0112833217
    0.0083796331
    0.0058591555
    0.0039536972
    0.0153560904
    0.0128018448
    0.0230945972
    0.0161482916
    0.0130719036
    0.0213755411
    0.0160505132
    0.0131757893
    0.0113247941
    0.0168703056
    0.0136375888
    0.0105604705
    0.0108497456
    0.0124263812
    0.0153566612
    0.0230199835
    0.0186893798
    0.0128700758
    0.0115256795
    0.0133921331
    0.0164157301
    0.0147776448
    0.0059064626
   -0.0003974026
    0.0105637711
    0.0051789586
    0.0134368305
    0.0092191129
    0.0018537390
    0.0164704142
    0.0140613871
    0.0056661138
   -0.0048506451
    0.0076243445
    0.0117696508
    0.0072704834
   -0.0015852685
    0.0034672243
    0.0119212745
    0.0143157103
    0.0083790933
    0.0217745767
    0.0200307004
    0.0127398342
    0.0050012135
    0.0145084002
    0.0176773764
    0.0215597748
    0.0223285315
    0.0176705486
    0.0199006225
    0.0096934797
    0.0195519749
    0.0063327348
    0.0164473658
    0.0211897409
    0.0118182511
    0.0188234358
    0.0223578806
    0.0141600996
    0.0179508925
    0.0214148784
   -0.0217446029
   -0.0159334644
   -0.0219073424
   -0.0227056024
   -0.0219242927
   -0.0224971759
   -0.0172165152
   -0.0108577335
   -0.0181731427
   -0.0233275086
   -0.0210277081
   -0.0138220034
   -0.0089954499
   -0.0158968126
   -0.0218596178
   -0.0218625399
   -0.0153732036
   -0.0094259103
   -0.0111078514
   -0.0180483971
   -0.0232231967
   -0.0210617471
   -0.0111746363
    0.0017382569
   -0.0174038688
   -0.0229250823
   -0.0199605431
   -0.0129730009
   -0.0087279993
   -0.0165865900
   -0.0211613457
   -0.0236537778
   -0.0194873482
   -0.0064509633
   -0.0181821849
   -0.0232939988
   -0.0213231928
   -0.0168273642
   -0.0145351408
   -0.0226242065
   -0.0239635594
   -0.0204818583
   -0.0069778597
   -0.0002464551
   -0.0167804875
   -0.0230837943
   -0.0229311329
   -0.0217091198
   -0.0230474107
   -0.0197369187
   -0.0081285805
   -0.0105788987
   -0.0202547814
   -0.0229410246
   -0.0137215062
   -0.0028403985
   -0.0102479792
    0.0028897301
    0.0070125288
    0.0047200935
    0.0035631534
    0.0029986331
    0.0085757050
    0.0050726054
    0.0079457620
    0.0050176229
    0.0044524196
    0.0080725691
    0.0077046200
    0.0077991766
    0.0070128800
    0.0052360569
    0.0102760173
    0.0095663138
    0.0096324761
    0.0087883367
    0.0068064090
    0.0051923689
    0.0100943889
    0.0101034784
    0.0094241212
    0.0078991139
    0.0096370669
    0.0047125779
    0.0053607394
    0.0052072077
    0.0072459152
    0.0082130618
    0.0052699512
    0.0076649838
    0.0092536743
    0.0109385935
    0.0056919810
    0.0082480374
    0.0102846130
    0.0070735991
    0.0102640321
    0.0078741817
    0.0092851022
    0.0098141453
    0.0085601188
    0.0067659571
    0.0053720332
    0.0060143988
    0.0103266064
    0.0083350329
    0.0065453198
    0.0049009751
    0.0035694048
    0.0123902620
    0.0086167956
    0.0059804844
    0.0043025599
    0.0143110213
    0.0119843946
    0.0141445379
    0.0116706962
    0.0095773258
    0.0164155881
    0.0131765313
    0.0112343906
    0.0096687182
    0.0183454992
    0.0138142165
    0.0115928274
    0.0100682770
    0.0121076250
    0.0100384247
    0.0108070358
    0.0127664638
    0.0165812424
    0.0180121936
    0.0096422766
    0.0099896818
    0.0101375628
    0.0116736414
    0.0141176825
    0.0156753383
    0.0125055762
    0.0104534178
    0.0108916334
    0.0121730732
    0.0143383273
    0.0126066269
    0.0023342660
   -0.0048579046
    0.0081990841
    0.0055519075
   -0.0008877666
    0.0099832505
    0.0062041879
   -0.0010916736
    0.0106993693
    0.0070922460
    0.0141227093
    0.0141282851
    0.0030667865
   -0.0058009838
    0.0029176747
    0.0079742394
    0.0076268471
    0.0029717603
   -0.0039554591
    0.0067353023
    0.0105157384
    0.0062882322
    0.0135750790
    0.0139284686
    0.0066532223
    0.0163290289
    0.0077815552
    0.0036853374
    0.0084150956
    0.0151634039
    0.0096565166
    0.0045971860
    0.0117974354
    0.0140982824
    0.0170787548
    0.0188984059
    0.0170789971
    0.0134564130
    0.0160462181
    0.0119157924
    0.0092314935
    0.0149249850
    0.0102952891
    0.0152609473
    0.0186253130
    0.0087130948
    0.0141389646
    0.0174896326
    0.0140417902
    0.0170699475
   -0.0173003992
   -0.0145142212
   -0.0174315781
   -0.0172729260
   -0.0166865614
   -0.0175200374
   -0.0151139877
   -0.0114838498
   -0.0154669770
   -0.0180765868
   -0.0162421842
   -0.0113681989
   -0.0084341359
   -0.0127032319
   -0.0167548191
   -0.0172038513
   -0.0138523671
   -0.0106665000
   -0.0107150365
   -0.0146306356
   -0.0178396231
   -0.0173504305
   -0.0123210118
   -0.0044758115
   -0.0101027711
   -0.0157972550
   -0.0175798990
   -0.0151522349
   -0.0112533517
   -0.0092164785
   -0.0128653909
   -0.0160228501
   -0.0182353942
   -0.0167738235
   -0.0101647370
    0.0007854277
   -0.0084905855
   -0.0161805904
   -0.0178060832
   -0.0156767252
   -0.0126631810
   -0.0113796883
   -0.0164363630
   -0.0181458073
   -0.0181402941
   -0.0137781802
   -0.0029630240
   -0.0133275452
   -0.0177006682
   -0.0177797871
   -0.0162258190
   -0.0154557313
   -0.0185672633
   -0.0182159442
   -0.0147317423
   -0.0053593668
   -0.0016047027
   -0.0122582235
   -0.0170930945
   -0.0182371440
   -0.0182818091
   -0.0164339265
   -0.0132070537
   -0.0040759941
   -0.0049354820
   -0.0134329285
   -0.0163843112
   -0.0082442842
   -0.0001668989
   -0.0053124565
    0.0032481779
    0.0032834687
    0.0039349725
    0.0032167432
    0.0030018269
    0.0064643773
    0.0036028441
    0.0057023638
    0.0076925860
    0.0081498104
    0.0048567598
    0.0044825438
    0.0070199627
    0.0068357287
    0.0064580791
    0.0054962087
    0.0042723789
    0.0086827778
    0.0083574462
    0.0079493374
    0.0069036571
    0.0055994343
    0.0089226544
    0.0082259976
    0.0073010854
    0.0088719296
    0.0041100507
    0.0045548127
    0.0035467790
    0.0051222549
    0.0062485356
    0.0069584928
    0.0037943500
    0.0053992273
    0.0068921036
    0.0079978911
    0.0100430972
    0.0059760719
    0.0076718874
    0.0095572295
    0.0067775410
    0.0098283113
    0.0064739052
    0.0078567729
    0.0082552583
    0.0071277998
    0.0056490002
    0.0045665174
    0.0050227133
    0.0095133879
    0.0077001415
    0.0062287692
    0.0049324911
    0.0038239893
    0.0088761511
    0.0063638571
    0.0047880668
    0.0114961878
    0.0087740774
    0.0109724141
    0.0131267366
    0.0107640534
    0.0092427414
    0.0156180826
    0.0120006531
    0.0103247892
    0.0090899082
    0.0128858116
    0.0107189011
    0.0094496629
    0.0112786524
    0.0093310758
    0.0120169734
    0.0088875461
    0.0093890328
    0.0107320396
    0.0131031215
    0.0141683473
    0.0114818005
    0.0095692535
    0.0097021114
    0.0106329279
    0.0126096656
    0.0111441890
    0.0038834713
    0.0013932906
   -0.0060507594
    0.0061929123
    0.0027720429
   -0.0044786717
    0.0073021179
    0.0031541511
    0.0112005415
    0.0082286144
    0.0044490908
    0.0127605046
    0.0014807808
    0.0010766248
    0.0062532964
    0.0062036389
    0.0018715109
   -0.0052489903
    0.0036361742
    0.0081947121
    0.0103510302
    0.0121442215
    0.0125086014
    0.0061327274
    0.0158224882
    0.0110427696
    0.0058187983
    0.0091418465
    0.0117692923
    0.0147900286
    0.0164350874
    0.0143338034
    0.0106203956
    0.0133786229
    0.0093711420
    0.0049317028
    0.0109740589
    0.0151131548
    0.0064515127
    0.0115032245
    0.0148953923
    0.0055958180
    0.0106823896
    0.0140891335
    0.0118343743
    0.0148796266
   -0.0138389435
   -0.0126140297
   -0.0139686308
   -0.0133527752
   -0.0128834872
   -0.0138136958
   -0.0128712384
   -0.0108899274
   -0.0130550777
   -0.0142385349
   -0.0126273046
   -0.0091445683
   -0.0072487916
   -0.0099939847
   -0.0129859678
   -0.0137353452
   -0.0121067970
   -0.0104102384
   -0.0100760311
   -0.0122562957
   -0.0140994897
   -0.0139918580
   -0.0112487717
   -0.0064489202
   -0.0101323232
   -0.0131789499
   -0.0137323607
   -0.0121774080
   -0.0100977486
   -0.0091510854
   -0.0107956320
   -0.0126952793
   -0.0142541108
   -0.0140977037
   -0.0113011403
   -0.0058257903
    0.0012184264
   -0.0113397513
   -0.0138044535
   -0.0135894191
   -0.0119386473
   -0.0103000443
   -0.0098034756
   -0.0126502684
   -0.0139432870
   -0.0146223729
   -0.0134114701
   -0.0092895252
   -0.0017138809
   -0.0103706439
   -0.0136242019
   -0.0141426936
   -0.0132138113
   -0.0121378136
   -0.0118663845
   -0.0143994577
   -0.0147723845
   -0.0140034956
   -0.0107973362
   -0.0039374705
   -0.0052403932
   -0.0111827475
   -0.0138262693
   -0.0143704183
   -0.0140959209
   -0.0140022698
   -0.0144691634
   -0.0135931307
   -0.0106015138
   -0.0040729499
   -0.0016546186
   -0.0089122928
   -0.0126301570
   -0.0140524423
   -0.0144683448
   -0.0115149734
   -0.0086719223
   -0.0014998622
   -0.0014689490
   -0.0086745856
   -0.0114654024
   -0.0046524629
    0.0014817002
   -0.0022627502
    0.0031781992
    0.0035953183
    0.0035887218
    0.0030453366
    0.0031942014
    0.0064922556
    0.0051725046
    0.0034791629
    0.0034552158
    0.0074374958
    0.0040093317
    0.0048362131
    0.0060325691
    0.0075420946
    0.0080788527
    0.0056007740
    0.0052841772
    0.0047550113
    0.0040147352
    0.0073771120
    0.0068589717
    0.0065450582
    0.0059799556
    0.0051537538
    0.0081761027
    0.0076614645
    0.0072108494
    0.0064650262
    0.0057363998
    0.0081118865
    0.0074793179
    0.0071134281
    0.0083187927
    0.0035529354
    0.0037226138
    0.0042073307
    0.0048715319
    0.0051804959
    0.0039486363
    0.0050045688
    0.0058509873
    0.0065225133
    0.0043330899
    0.0054087667
    0.0064414468
    0.0074817637
    0.0055971271
    0.0069317969
    0.0087724757
    0.0054451234
    0.0062717365
    0.0068179908
    0.0060623179
    0.0049758272
    0.0041828453
    0.0043975677
    0.0080784893
    0.0068160325
    0.0057203209
    0.0047157711
    0.0038489664
    0.0084856833
    0.0066360396
    0.0053176041
    0.0043493517
    0.0110005420
    0.0082613935
    0.0086675302
    0.0113524546
    0.0096133880
    0.0110103057
    0.0094887552
    0.0084515205
    0.0110772978
    0.0095668271
    0.0086670796
    0.0112967882
    0.0095356297
    0.0086337355
    0.0103548745
    0.0087788448
    0.0094159241
    0.0107528569
    0.0086310671
    0.0083821798
    0.0087048561
    0.0096772866
    0.0115057686
    0.0122559143
    0.0105028395
    0.0090159704
    0.0089287439
    0.0095633729
    0.0110678341
    0.0100215310
    0.0027333805
    0.0002873560
    0.0041566586
    0.0008992287
    0.0040048937
   -0.0006792029
    0.0060902617
    0.0022200610
    0.0103782794
    0.0079182694
    0.0052109524
    0.0004481521
   -0.0000854558
    0.0044679600
    0.0046059059
    0.0010391890
    0.0014848110
    0.0060470952
    0.0082021224
    0.0073949618
    0.0094087584
    0.0057583170
    0.0100591785
    0.0129569220
    0.0084494340
    0.0053005265
    0.0136902027
    0.0097439839
    0.0056661793
    0.0079817390
    0.0102207138
    0.0128148623
    0.0140216417
    0.0122010819
    0.0090980932
    0.0113953835
    0.0079619884
    0.0074924900
    0.0111740078
    0.0051142010
    0.0093697453
    0.0123554176
    0.0053059007
    0.0092250491
    0.0121336028
    0.0105186095
    0.0131486087
   -0.0112512310
   -0.0108393551
   -0.0113823323
   -0.0105842122
   -0.0101973680
   -0.0111186362
   -0.0109214388
   -0.0099134604
   -0.0109804148
   -0.0115255208
   -0.0105581690
   -0.0083155416
   -0.0063088247
   -0.0067927469
   -0.0090556057
   -0.0107968482
   -0.0111328469
   -0.0103214008
   -0.0095940718
   -0.0092986591
   -0.0105072680
   -0.0115135458
   -0.0114283804
   -0.0097833771
   -0.0067517142
   -0.0028935180
   -0.0064117914
   -0.0092051291
   -0.0109156853
   -0.0111184328
   -0.0102308514
   -0.0091536534
   -0.0087311595
   -0.0094598243
   -0.0106285801
   -0.0115995492
   -0.0115663166
   -0.0099448607
   -0.0066162574
   -0.0020264741
    0.0031836744
   -0.0068773129
   -0.0100123329
   -0.0112475248
   -0.0109739656
   -0.0099559691
   -0.0090305195
   -0.0088111129
   -0.0103604271
   -0.0112497206
   -0.0118493427
   -0.0114506008
   -0.0094561175
   -0.0055476670
    0.0001385852
   -0.0070076930
   -0.0102187155
   -0.0113948998
   -0.0112392031
   -0.0104984660
   -0.0098647037
   -0.0097923818
   -0.0114842969
   -0.0119259067
   -0.0118564262
   -0.0105850879
   -0.0074804927
   -0.0020370594
   -0.0045148549
   -0.0088892760
   -0.0110094321
   -0.0116186056
   -0.0114378203
   -0.0111261290
   -0.0111163893
   -0.0120149699
   -0.0118341395
   -0.0107419069
   -0.0079904650
   -0.0028432029
    0.0029669967
   -0.0040603304
   -0.0084254588
   -0.0106998952
   -0.0115883381
   -0.0118149749
   -0.0119094737
   -0.0110962073
   -0.0101382832
   -0.0077031343
   -0.0030557542
    0.0062872388
   -0.0014491254
   -0.0065567031
   -0.0094157344
   -0.0107473724
   -0.0112157835
   -0.0080504278
   -0.0059469523
   -0.0011420476
   -0.0014293168
   -0.0061268523
   -0.0080830601
   -0.0024088889
    0.0023269778
   -0.0005069458
