  -3.3946608517   -0.7789737930    1.5607024181
  -5.6646459605   -0.3820209767    0.7920490701
  -4.6643311145    2.0938869906   -0.2579509299
  -4.4446608517   -0.7789737930   -2.0766042778
  -5.5465714438    1.8652042437   -0.3458751427
  -6.2491012978    1.0279617663   -0.3458751427
  -6.2491012978   -0.0649806667   -0.3458751427
  -4.4702332621    2.0549917055   -1.3841722438
  -5.5465714438    1.8652042437   -1.3841722438
  -6.2491012978    1.0279617663   -1.3841722438
  -6.2491012978   -0.0649806667   -1.3841722438
  -5.5465714438   -0.9022231442   -1.3841722438
  -4.4425361083    1.4206391003   -2.2241722438
  -5.5465714438    1.0619162745   -2.2241722438
  -5.5465714438   -0.0989351750   -2.2241722438
  -4.4425361083   -0.4576580008   -2.2241722438
  -4.7476839701    0.4814905498   -2.5450236933
  -4.8148579594   -1.5268631594    1.2031236747
  -3.7108226239   -1.8855859853    1.2031236747
  -5.5173878134   -1.4929086512    0.3631236747
  -4.8148579594   -2.3301511287    0.3631236747
  -3.7385197777   -2.5199385905    0.3631236747
  -5.5173878134   -1.4929086512   -0.6751734264
  -4.8148579594   -2.3301511287   -0.6751734264
  -3.7385197777   -2.5199385905   -0.6751734264
  -2.7920038659   -1.9734673740   -0.6751734264
  -4.8148579594   -1.5268631594   -1.5151734264
  -3.7108226239   -1.8855859853   -1.5151734264
  -4.0239655694    0.5675072453    2.4105620756
  -3.0364863456    0.5675072453    2.0897106262
  -3.7188177077    1.5066557959    2.0897106262
  -4.8228530431    1.1479329700    2.0897106262
  -4.8228530431   -0.0129184794    2.0897106262
  -3.7188177077   -0.3716413052    2.0897106262
  -2.7999989496    1.5945371845    1.2497106262
  -3.7465148615    2.1410084011    1.2497106262
  -4.8228530431    1.9512209393    1.2497106262
  -5.5253828972    1.1139784618    1.2497106262
  -5.5253828972    0.0210360288    1.2497106262
  -2.2216064773    2.5255471685    0.3514273062
  -3.3256418128    2.1668243427    0.3514273062
  -1.3027877193    2.6134285572   -0.4885726938
  -2.2493036311    3.1598997737   -0.4885726938
  -3.3256418128    2.9701123119   -0.4885726938
  -1.3027877193    2.6134285572   -1.5268697949
  -2.2493036311    3.1598997737   -1.5268697949
  -3.3256418128    2.9701123119   -1.5268697949
  -4.0281716668    2.1328698345   -1.5268697949
  -1.5392751152    1.5863986180   -2.3668697949
  -2.2216064773    2.5255471685   -2.3668697949
  -3.3256418128    2.1668243427   -2.3668697949
  -4.0202359692   -0.4636176557   -2.4073710912
  -3.3177061151   -1.3008601332   -2.4073710912
  -2.2413679335   -1.4906475950   -2.4073710912
  -1.2948520216   -0.9441763785   -2.4073710912
  -1.5313394176    0.0828535608   -3.2473710912
  -2.2136707797    1.0220021113   -3.2473710912
  -3.3177061151    0.6632792855   -3.2473710912
  -3.3177061151   -0.4975721640   -3.2473710912
  -2.2136707797   -0.8562949898   -3.2473710912
  -2.5188186414    0.0828535608   -3.5682225407
  -2.2274877848   -1.6337581127    1.4193514986
  -1.1234524494   -1.9924809385    1.4193514986
  -2.2274877848   -2.4370460819    0.5793514986
  -1.1511496032   -2.6268335437    0.5793514986
  -2.2274877848   -2.4370460819   -0.4589456025
  -1.1511496032   -2.6268335437   -0.4589456025
  -0.2046336914   -2.0803623272   -0.4589456025
  -2.2274877848   -1.6337581127   -1.2989456025
  -1.1234524494   -1.9924809385   -1.2989456025
  -1.4365355743    0.4515759581    2.6214856416
  -0.4490563504    0.4515759581    2.3006341922
  -1.1313877125    1.3907245087    2.3006341922
  -2.2354230480    1.0320016828    2.3006341922
  -2.2354230480   -0.1288497666    2.3006341922
  -1.1313877125   -0.4875725924    2.3006341922
  -0.2125689545    1.4786058973    1.4606341922
  -1.1590848663    2.0250771139    1.4606341922
  -2.2354230480    1.8352896521    1.4606341922
   1.4620250560    1.3950982416   -1.7539656079
  -0.5929234979    1.3211866828   -2.5226189558
  -0.7438419778   -1.4209567296   -2.1956118761
   0.3324962039   -1.6107441914   -2.1956118761
   1.2790121157   -1.0642729749   -2.1956118761
   1.0425247198   -0.0372430357   -3.0356118761
   0.3601933577    0.9019055149   -3.0356118761
  -0.7438419778    0.5431826891   -3.0356118761
  -0.7438419778   -0.6176687604   -3.0356118761
   0.3601933577   -0.9763915862   -3.0356118761
   0.0550454959   -0.0372430357   -3.3564633255
   0.3521708463    2.4198205208    0.5715485669
  -0.7518644892    2.0610976950    0.5715485669
   1.2709896043    2.5077019095   -0.2684514331
   0.3244736924    3.0541731260   -0.2684514331
  -0.7518644892    2.8643856642   -0.2684514331
   1.2709896043    2.5077019095   -1.3067485342
   0.3244736924    3.0541731260   -1.3067485342
  -0.7518644892    2.8643856642   -1.3067485342
   1.0345022084    1.4806719702   -2.1467485342
   0.3521708463    2.4198205208   -2.1467485342
  -0.7518644892    2.0610976950   -2.1467485342
   1.4723627901   -0.1966403925    2.9390820921
   2.4635128799   -0.1966403925    2.7419300813
   1.9679378350    0.6617207643    2.7419300813
   0.9767877452    0.6617207643    2.7419300813
   0.4812127003   -0.1966403925    2.7419300813
   0.9767877452   -1.0550015492    2.7419300813
   1.9679378350   -1.0550015492    2.7419300813
   3.3037693534   -0.1966403925    2.1804886553
   3.0130400315    0.7934927490    2.1804886553
   2.2331565714    1.4692656140    2.1804886553
   1.2117264612    1.6161250927    2.1804886553
   0.2730465439    1.1874443382    2.1804886553
  -0.2848589392    0.3193264612    2.1804886553
  -0.2848589392   -0.7126072462    2.1804886553
   0.2730465439   -1.5807251231    2.1804886553
   1.2117264612   -2.0094058776    2.1804886553
   2.2331565714   -1.8625463989    2.1804886553
   3.0130400315   -1.1867735339    2.1804886553
   3.8652107793   -0.1966403925    1.3402321819
   3.6282443340    0.8415774402    1.3402321819
   2.9642791088    1.6741634982    1.3402321819
   2.0048215595    2.1362139018    1.3402321819
   0.9399040207    2.1362139018    1.3402321819
  -0.0195535286    1.6741634982    1.3402321819
  -0.0195535286   -2.0674442832    1.3402321819
   0.9399040207   -2.5294946868    1.3402321819
   2.0048215595   -2.5294946868    1.3402321819
   2.9642791088   -2.0674442832    1.3402321819
   3.6282443340   -1.2348582252    1.3402321819
   4.0623627901   -0.1966403925    0.3490820921
   3.8652107793    0.7945096974    0.3490820921
   3.3037693534    1.6347661708    0.3490820921
   2.4635128799    2.1962075967    0.3490820921
   1.4723627901    2.3933596075    0.3490820921
   0.4812127003   -2.5894883817    0.3490820921
   1.4723627901   -2.7866403925    0.3490820921
   2.4635128799   -2.5894883817    0.3490820921
   3.3037693534   -2.0280469557    0.3490820921
   3.8652107793   -1.1877904823    0.3490820921
   3.8652107793   -0.1966403925   -0.6420679978
   3.6282443340    0.8415774402   -0.6420679978
   2.9642791088    1.6741634982   -0.6420679978
   2.0048215595    2.1362139018   -0.6420679978
  -0.0195535286   -2.0674442832   -0.6420679978
   0.9399040207   -2.5294946868   -0.6420679978
   2.0048215595   -2.5294946868   -0.6420679978
   2.9642791088   -2.0674442832   -0.6420679978
   3.6282443340   -1.2348582252   -0.6420679978
   3.3037693534   -0.1966403925   -1.4823244712
   3.0130400315    0.7934927490   -1.4823244712
   2.2331565714    1.4692656140   -1.4823244712
   1.2117264612   -2.0094058776   -1.4823244712
   2.2331565714   -1.8625463989   -1.4823244712
   3.0130400315   -1.1867735339   -1.4823244712
   2.4635128799   -0.1966403925   -2.0437658972
   1.9679378350    0.6617207643   -2.0437658972
   1.9679378350   -1.0550015492   -2.0437658972
  -5.7200492053   -0.3982888372    1.2384245946
  -4.4403213387    2.4115155225    0.2760993116
  -5.3785191176    1.9597032847    0.2760993116
  -6.2594878410    0.1303528810    0.2760993116
  -6.0277721253   -0.8848600020    0.2760993116
  -4.4403213387    2.4115155225   -0.7920011714
  -5.1484386239   -1.2877322632   -1.7543264543
  -4.4403213387   -0.7714575359   -2.4202762128
  -6.0928921670    1.4588415138    0.0949763067
  -6.4104527453    0.4814905498    0.0949763067
  -4.7476839701    2.4014905498   -0.8650236933
  -5.7076839701    2.1442593250   -0.8650236933
  -6.4104527453    1.4414905498   -0.8650236933
  -6.6676839701    0.4814905498   -0.8650236933
  -6.4104527453   -0.4785094502   -0.8650236933
  -4.2338601608    2.0628776286   -1.8250236933
  -5.2615077793    2.0628776286   -1.8250236933
  -6.0928921670    1.4588415138   -1.8250236933
  -6.4104527453    0.4814905498   -1.8250236933
  -6.0928921670   -0.4958604143   -1.8250236933
  -5.2615077793   -1.0998965290   -1.8250236933
  -4.2676839701    1.3128749374   -2.5277924685
  -5.2276839701    1.3128749374   -2.5277924685
  -5.7076839701    0.4814905498   -2.5277924685
  -5.2276839701   -0.3498938379   -2.5277924685
  -4.7476839701    0.4814905498   -2.7850236933
  -4.4959704857   -1.7778218223    1.5067438994
  -3.5359704857   -1.7778218223    1.5067438994
  -5.3611786826   -1.9237883988    0.8039751242
  -4.5297942949   -2.5278245135    0.8039751242
  -3.5021466764   -2.5278245135    0.8039751242
  -5.6787392609   -1.9064374347   -0.1560248758
  -4.9759704857   -2.6092062100   -0.1560248758
  -4.0159704857   -2.8664374347   -0.1560248758
  -3.0559704857   -2.6092062100   -0.1560248758
  -5.3611786826   -1.9237883988   -1.1160248758
  -4.5297942949   -2.5278245135   -1.1160248758
  -3.5021466764   -2.5278245135   -1.1160248758
  -4.4959704857   -1.7778218223   -1.8187936511
  -3.5359704857   -1.7778218223   -1.8187936511
  -4.0239655694    0.5675072453    2.6505620756
  -3.0639655694    0.5675072453    2.3933308509
  -3.5439655694    1.3988916329    2.3933308509
  -4.5039655694    1.3988916329    2.3933308509
  -4.9839655694    0.5675072453    2.3933308509
  -4.5039655694   -0.2638771423    2.3933308509
  -3.5439655694   -0.2638771423    2.3933308509
  -3.5101417602    2.1488943241    1.6905620756
  -4.5377893787    2.1488943241    1.6905620756
  -5.3691737663    1.5448582094    1.6905620756
  -5.6867343447    0.5675072453    1.6905620756
  -5.3691737663   -0.4098437188    1.6905620756
  -3.0639655694    2.2302760206    0.7305620756
  -4.0239655694    2.4875072453    0.7305620756
  -4.9839655694    2.2302760206    0.7305620756
  -5.6867343447    1.5275072453    0.7305620756
  -2.0467543391    2.4177830056    0.6550475309
  -3.0067543391    2.4177830056    0.6550475309
  -2.0129305298    3.1677856968   -0.0477212443
  -3.0405781484    3.1677856968   -0.0477212443
  -3.8719625360    2.5637495821   -0.0477212443
  -1.5667543391    3.2491673932   -1.0077212443
  -2.5267543391    3.5063986180   -1.0077212443
  -3.4867543391    3.2491673932   -1.0077212443
  -4.1895231143    2.5463986180   -1.0077212443
  -1.1815461422    2.5637495821   -1.9677212443
  -2.0129305298    3.1677856968   -1.9677212443
  -3.0405781484    3.1677856968   -1.9677212443
  -3.8719625360    2.5637495821   -1.9677212443
  -2.0467543391    2.4177830056   -2.6704900196
  -3.0067543391    2.4177830056   -2.6704900196
  -3.4788186414   -1.5799152145   -1.8882225407
  -2.5188186414   -1.8371464392   -1.8882225407
  -1.5588186414   -1.5799152145   -1.8882225407
  -1.1736104445    1.0602045248   -2.8482225407
  -3.8640268383    1.0602045248   -2.8482225407
  -4.1815874167    0.0828535608   -2.8482225407
  -3.8640268383   -0.8944974033   -2.8482225407
  -3.0326424507   -1.4985335181   -2.8482225407
  -2.0049948322   -1.4985335181   -2.8482225407
  -1.5588186414    0.0828535608   -3.5509913159
  -2.0388186414    0.9142379484   -3.5509913159
  -2.9988186414    0.9142379484   -3.5509913159
  -3.4788186414    0.0828535608   -3.5509913159
  -2.9988186414   -0.7485308269   -3.5509913159
  -2.0388186414   -0.7485308269   -3.5509913159
  -2.5188186414    0.0828535608   -3.8082225407
  -1.9086003111   -1.8847167756    1.7229717233
  -0.9486003111   -1.8847167756    1.7229717233
  -2.7738085081   -2.0306833520    1.0202029480
  -1.9424241204   -2.6347194667    1.0202029480
  -0.9147765019   -2.6347194667    1.0202029480
  -2.3886003111   -2.7161011632    0.0602029480
  -1.4286003111   -2.9733323879    0.0602029480
  -0.4686003111   -2.7161011632    0.0602029480
  -1.9424241204   -2.6347194667   -0.8997970520
  -0.9147765019   -2.6347194667   -0.8997970520
  -1.9086003111   -1.8847167756   -1.6025658272
  -0.9486003111   -1.8847167756   -1.6025658272
  -1.4365355743    0.4515759581    2.8614856416
  -0.4765355743    0.4515759581    2.6042544169
  -0.9565355743    1.2829603457    2.6042544169
  -1.9165355743    1.2829603457    2.6042544169
  -2.3965355743    0.4515759581    2.6042544169
  -1.9165355743   -0.3798084295    2.6042544169
  -0.9565355743   -0.3798084295    2.6042544169
  -0.9227117650    2.0329630369    1.9014856416
  -1.9503593835    2.0329630369    1.9014856416
  -2.7817437712   -0.5257750060    1.9014856416
  -1.4365355743    2.3715759581    0.9414856416
  -2.3965355743    2.1143447334    0.9414856416
   1.5106008941    1.4263160372   -2.2003411324
  -0.9049545041   -1.7000118109   -1.6764633255
   0.0550454959   -1.9572430357   -1.6764633255
   1.7178142712   -0.0372430357   -2.6364633255
   1.4002536928    0.9401079284   -2.6364633255
  -0.4587783133   -1.6186301145   -2.6364633255
   0.5688693052   -1.6186301145   -2.6364633255
   1.4002536928   -1.0145939997   -2.6364633255
   1.0150454959   -0.0372430357   -3.3392321008
   0.5350454959    0.7941413520   -3.3392321008
  -0.4249545041    0.7941413520   -3.3392321008
  -0.9049545041   -0.0372430357   -3.3392321008
  -0.4249545041   -0.8686274233   -3.3392321008
   0.5350454959   -0.8686274233   -3.3392321008
   0.0550454959   -0.0372430357   -3.5964633255
  -0.4329770155    2.3120563579    0.8751687917
   0.5608467938    3.0620590490    0.1724000164
  -0.4668008248    3.0620590490    0.1724000164
   1.0070229845    3.1434407455   -0.7875999836
   0.0470229845    3.4006719702   -0.7875999836
  -0.9129770155    3.1434407455   -0.7875999836
   1.3922311814    2.4580229343   -1.7475999836
   0.5608467938    3.0620590490   -1.7475999836
  -0.4668008248    3.0620590490   -1.7475999836
   0.5270229845    2.3120563579   -2.4503687589
  -0.4329770155    2.3120563579   -2.4503687589
   1.4723627901   -0.1966403925    3.3090820921
   2.4847424144   -0.1966403925    3.1305722496
   1.9785526022    0.6801060804    3.1305722496
   0.9661729780    0.6801060804    3.1305722496
   0.4599831659   -0.1966403925    3.1305722496
   0.9661729780   -1.0733868653    3.1305722496
   1.9785526022   -1.0733868653    3.1305722496
   3.3750141148   -0.1966403925    2.6165736437
   3.0729749387    0.8320105750    2.6165736437
   2.2627527149    1.5340721285    2.6165736437
   1.2015872745    1.6866446851    2.6165736437
   0.2263911472    1.2412875363    2.6165736437
  -0.3532177872    0.3393984300    2.6165736437
  -0.3532177872   -0.7326792149    2.6165736437
   0.2263911472   -1.6345683212    2.6165736437
   1.2015872745   -2.0799254701    2.6165736437
   2.2627527149   -1.9273529134    2.6165736437
   3.0729749387   -1.2252913600    2.6165736437
   4.0357979853   -0.1966403925    1.8290820921
   3.8141773686    0.8460026336    1.8290820921
   3.1876357366    1.7083632083    1.8290820921
   2.2645078294    2.2413313540    1.8290820921
   1.2044108485    2.3527520365    1.8290820921
   0.1906451925    2.0233596075    1.8290820921
  -0.6014998468   -1.7033897954    1.8290820921
   0.1906451925   -2.4166403925    1.8290820921
   1.2044108485   -2.7460328215    1.8290820921
   2.2645078294   -2.6346121390    1.8290820921
   3.1876357366   -2.1016439932    1.8290820921
   3.8141773686   -1.2392834185    1.8290820921
   4.3873937390   -0.1966403925    0.8630806979
   4.1905481978    0.8563902445    0.8630806979
   3.6265966553    1.7672032589    0.8630806979
   2.7717038923    2.4127883062    0.8630806979
   1.7413279135    2.7059555483    0.8630806979
   0.6746267045    2.6071111248    0.8630806979
  -0.2843358258   -2.5228853078    0.8630806979
   0.6746267045   -3.0003919098    0.8630806979
   1.7413279135   -3.0992363333    0.8630806979
   2.7717038923   -2.8060690911    0.8630806979
   3.6265966553   -2.1604840439    0.8630806979
   4.1905481978   -1.2496710294    0.8630806979
   4.3873937390   -0.1966403925   -0.1649165138
   4.1905481978    0.8563902445   -0.1649165138
   3.6265966553    1.7672032589   -0.1649165138
   2.7717038923    2.4127883062   -0.1649165138
   1.7413279135    2.7059555483   -0.1649165138
   0.6746267045   -3.0003919098   -0.1649165138
   1.7413279135   -3.0992363333   -0.1649165138
   2.7717038923   -2.8060690911   -0.1649165138
   3.6265966553   -2.1604840439   -0.1649165138
   4.1905481978   -1.2496710294   -0.1649165138
   4.0357979853   -0.1966403925   -1.1309179079
   3.8141773686    0.8460026336   -1.1309179079
   3.1876357366    1.7083632083   -1.1309179079
   2.2645078294    2.2413313540   -1.1309179079
   0.1906451925   -2.4166403925   -1.1309179079
   1.2044108485   -2.7460328215   -1.1309179079
   2.2645078294   -2.6346121390   -1.1309179079
   3.1876357366   -2.1016439932   -1.1309179079
   3.8141773686   -1.2392834185   -1.1309179079
   3.3750141148   -0.1966403925   -1.9184094596
   3.0729749387    0.8320105750   -1.9184094596
   2.2627527149    1.5340721285   -1.9184094596
   1.2015872745   -2.0799254701   -1.9184094596
   2.2627527149   -1.9273529134   -1.9184094596
   3.0729749387   -1.2252913600   -1.9184094596
   2.4847424144   -0.1966403925   -2.4324080655
   1.9785526022    0.6801060804   -2.4324080655
   1.9785526022   -1.0733868653   -2.4324080655
  -5.7515136197   -0.4075276229    1.6512373793
  -5.1699133091   -1.3125153711    1.6512373793
  -6.1671049322    1.2126649073    0.7752943375
  -6.4141355895    0.1303528810    0.7752943375
  -6.1671049322   -0.9519591454    0.7752943375
  -4.9529061191    2.6248276188   -0.2579509299
  -6.4141355895   -0.9028923864   -0.2579509299
  -5.1699133091   -1.3125153711   -2.1671392391
  -4.1913666772   -1.7594026441   -2.1671392391
  -4.4362834854   -0.7644637689   -2.7524256676
  -5.9726761982    1.8952069432    0.2149763067
  -6.5425257963    1.0085036606    0.2149763067
  -5.5136305261    2.5011256340   -0.8650236933
  -6.3644671861    1.9138354916   -0.8650236933
  -6.8449182957    0.9984123846   -0.8650236933
  -6.8449182957   -0.0354312851   -0.8650236933
  -6.3644671861   -0.9508543920   -0.8650236933
  -5.0139002231    2.3330652597   -1.9450236933
  -5.9726761982    1.8952069432   -1.9450236933
  -6.5425257963    1.0085036606   -1.9450236933
  -6.5425257963   -0.0455225610   -1.9450236933
  -5.9726761982   -0.9322258437   -1.9450236933
  -5.2876839701    1.4167979858   -2.7356385654
  -5.8276839701    0.4814905498   -2.7356385654
  -5.2876839701   -0.4538168863   -2.7356385654
  -4.7476839701    0.4814905498   -3.0250236933
  -4.5559704857   -1.8817448708    1.7145899963
  -3.4759704857   -1.8817448708    1.7145899963
  -5.8108123119   -1.4734505455    0.9239751242
  -5.2409627138   -2.3601538281    0.9239751242
  -4.2821867387   -2.7980121447    0.9239751242
  -3.2388889842   -2.6480085734    0.9239751242
  -6.1132048113   -1.4633592696   -0.1560248758
  -5.6327537017   -2.3787823765   -0.1560248758
  -4.7819170417   -2.9660725189   -0.1560248758
  -3.7556112563   -3.0906886028   -0.1560248758
  -2.7889506327   -2.7240825850   -0.1560248758
  -5.2409627138   -2.3601538281   -1.2360248758
  -4.2821867387   -2.7980121447   -1.2360248758
  -3.2388889842   -2.6480085734   -1.2360248758
  -4.5559704857   -1.8817448708   -2.0266397480
  -3.4759704857   -1.8817448708   -2.0266397480
  -4.0239655694    0.5675072453    2.8905620756
  -2.9439655694    0.5675072453    2.6011769478
  -3.4839655694    1.5028146814    2.6011769478
  -4.5639655694    1.5028146814    2.6011769478
  -5.1039655694    0.5675072453    2.6011769478
  -4.5639655694   -0.3678001908    2.6011769478
  -3.4839655694   -0.3678001908    2.6011769478
  -3.2468840680    2.2690783840    1.8105620756
  -4.2901818224    2.4190819553    1.8105620756
  -5.2489577976    1.9812236387    1.8105620756
  -5.8188073956    1.0945203561    1.8105620756
  -5.8188073956    0.0404941345    1.8105620756
  -3.7636063401    2.7117584134    0.7305620756
  -4.7899121254    2.5871423295    0.7305620756
  -5.6407487855    1.9998521871    0.7305620756
  -2.8508238617    2.3963800516    1.0208035334
  -3.8293704936    1.9494927786   -2.7975730850
  -3.0667543391    2.5217060541    0.8628936278
  -1.7496728376    3.2879697567    0.0722787557
  -2.7929705921    3.4379733280    0.0722787557
  -3.7517465672    3.0001150114    0.0722787557
  -1.2997344861    3.3640437683   -1.0077212443
  -2.2663951097    3.7306497860   -1.0077212443
  -3.2927008951    3.6060337022   -1.0077212443
  -4.1435375551    3.0187435598   -1.0077212443
  -1.7496728376    3.2879697567   -2.0877212443
  -2.7929705921    3.4379733280   -2.0877212443
  -3.7517465672    3.0001150114   -2.0877212443
  -1.9867543391    2.5217060541   -2.8783361165
  -3.0667543391    2.5217060541   -2.8783361165
  -2.2584594121   -2.0613976073   -1.8882225407
  -4.3136604676   -0.4441595500   -2.9682225407
  -3.7438108695   -1.3308628327   -2.9682225407
  -2.7850348944   -1.7687211492   -2.9682225407
  -1.7417371400   -1.6187175780   -2.9682225407
  -1.4388186414    0.0828535608   -3.7588374128
  -1.9788186414    1.0181609968   -3.7588374128
  -3.0588186414    1.0181609968   -3.7588374128
  -3.5988186414    0.0828535608   -3.7588374128
  -3.0588186414   -0.8524538753   -3.7588374128
  -1.9788186414   -0.8524538753   -3.7588374128
  -2.5188186414    0.0828535608   -4.0482225407
  -2.6367998154   -1.4179892326    1.8541732607
  -1.9686003111   -1.9886398240    1.9308178202
  -0.8886003111   -1.9886398240    1.9308178202
  -2.6535925393   -2.4670487814    1.1402029480
  -1.6948165642   -2.9049070979    1.1402029480
  -0.6515188097   -2.7549035266    1.1402029480
  -2.1945468672   -3.0729674721    0.0602029480
  -1.1682410818   -3.1975835560    0.0602029480
  -2.6535925393   -2.4670487814   -1.0197970520
  -1.6948165642   -2.9049070979   -1.0197970520
  -0.6515188097   -2.7549035266   -1.0197970520
  -0.8886003111   -1.9886398240   -1.8104119242
  -1.4365355743    0.4515759581    3.1014856416
  -0.8965355743    1.3868833942    2.8121005138
  -1.9765355743    1.3868833942    2.8121005138
  -2.5165355743    0.4515759581    2.8121005138
  -1.9765355743   -0.4837314780    2.8121005138
  -0.8965355743   -0.4837314780    2.8121005138
  -0.6594540728    2.1531470968    2.0214856416
  -1.7027518273    2.3031506681    2.0214856416
  -2.6615278024    1.8652923515    2.0214856416
  -1.1761763449    2.5958271262    0.9414856416
  -2.2024821303    2.4712110423    0.9414856416
   1.5381879120    1.4440451370   -2.6131539171
  -1.1699467322   -1.4509594291   -2.7564633255
  -0.2111707571   -1.8888177456   -2.7564633255
   0.8321269974   -1.7388141744   -2.7564633255
   1.1350454959   -0.0372430357   -3.5470781977
   0.5950454959    0.8980644004   -3.5470781977
  -0.4849545041    0.8980644004   -3.5470781977
  -1.0249545041   -0.0372430357   -3.5470781977
  -0.4849545041   -0.9725504717   -3.5470781977
   0.5950454959   -0.9725504717   -3.5470781977
   0.0550454959   -0.0372430357   -3.8364633255
  -0.4929770155    2.4159794063    1.0830148886
   0.8241044859    3.1822431089    0.2924000164
  -0.2191932685    3.3322466802    0.2924000164
  -1.1779692436    2.8943883637    0.2924000164
   1.2740428374    3.2583171206   -0.7875999836
   0.3073822139    3.6249231383   -0.7875999836
  -0.7189235715    3.5003070544   -0.7875999836
   1.6206843543    2.4920027239   -1.8675999836
   0.8241044859    3.1822431089   -1.8675999836
  -0.2191932685    3.3322466802   -1.8675999836
   0.5870229845    2.4159794063   -2.6582148558
  -0.4929770155    2.4159794063   -2.6582148558
   1.4723627901   -0.1966403925    3.6790820921
   2.5013893814   -0.1966403925    3.5161002913
   1.9868760857    0.6945227767    3.5161002913
   0.9578494945    0.6945227767    3.5161002913
   0.4433361988   -0.1966403925    3.5161002913
   0.9578494945   -1.0878035617    3.5161002913
   1.9868760857   -1.0878035617    3.5161002913
   3.4296876802   -0.1966403925    3.0431086833
   3.1189692688    0.8615693362    3.0431086833
   2.2854649348    1.5838049529    3.0431086833
   1.1938064149    1.7407617525    3.0431086833
   0.1905875760    1.2826070601    3.0431086833
  -0.4056766891    0.3548017534    3.0431086833
  -0.4056766891   -0.7480825383    3.0431086833
   0.1905875760   -1.6758878451    3.0431086833
   1.1938064149   -2.1340425375    3.0431086833
   2.2854649348   -1.9770857378    3.0431086833
   3.1189692688   -1.2548501211    3.0431086833
   4.1663893814   -0.1966403925    2.3064069822
   3.9613188178    0.8343189504    2.3064069822
   3.3773272615    1.7083240789    2.3064069822
   2.5033221329    2.2923156352    2.3064069822
   1.4723627901    2.4973861988    2.3064069822
   0.4414034473    2.2923156352    2.3064069822
  -0.4326016813   -2.1016048639    2.3064069822
   0.4414034473   -2.6855964202    2.3064069822
   1.4723627901   -2.8906669837    2.3064069822
   2.5033221329   -2.6855964202    2.3064069822
   3.3773272615   -2.1016048639    2.3064069822
   3.9613188178   -1.2275997353    2.3064069822
   4.6393809894   -0.1966403925    1.3781086833
   4.4677832077    0.8316887358    1.3781086833
   3.9715851451    1.7485824468    1.3781086833
   3.2045575609    2.4546810800    1.3781086833
   2.2498197955    2.8734678921    1.3781086833
   1.2108325001    2.9595608340    1.3781086833
   0.2001860697    2.7036303994    1.3781086833
   0.2001860697   -3.0969111844    1.3781086833
   1.2108325001   -3.3528416189    1.3781086833
   2.2498197955   -3.2667486771    1.3781086833
   3.2045575609   -2.8479618649    1.3781086833
   3.9715851451   -2.1418632318    1.3781086833
   4.4677832077   -1.2249695207    1.3781086833
   4.8023627901   -0.1966403925    0.3490820921
   4.6393809894    0.8323861988    0.3490820921
   4.1663893814    1.7606844977    0.3490820921
   3.4296876802    2.4973861988    0.3490820921
   2.5013893814    2.9703778068    0.3490820921
   1.4723627901    3.1333596075    0.3490820921
   0.4433361988   -3.3636585917    0.3490820921
   1.4723627901   -3.5266403925    0.3490820921
   2.5013893814   -3.3636585917    0.3490820921
   3.4296876802   -2.8906669837    0.3490820921
   4.1663893814   -2.1539652826    0.3490820921
   4.6393809894   -1.2256669837    0.3490820921
   4.6393809894   -0.1966403925   -0.6799444992
   4.4677832077    0.8316887358   -0.6799444992
   3.9715851451    1.7485824468   -0.6799444992
   3.2045575609    2.4546810800   -0.6799444992
   2.2498197955    2.8734678921   -0.6799444992
   0.2001860697   -3.0969111844   -0.6799444992
   1.2108325001   -3.3528416189   -0.6799444992
   2.2498197955   -3.2667486771   -0.6799444992
   3.2045575609   -2.8479618649   -0.6799444992
   3.9715851451   -2.1418632318   -0.6799444992
   4.4677832077   -1.2249695207   -0.6799444992
   4.1663893814   -0.1966403925   -1.6082427981
   3.9613188178    0.8343189504   -1.6082427981
   3.3773272615    1.7083240789   -1.6082427981
   2.5033221329    2.2923156352   -1.6082427981
   0.4414034473   -2.6855964202   -1.6082427981
   1.4723627901   -2.8906669837   -1.6082427981
   2.5033221329   -2.6855964202   -1.6082427981
   3.3773272615   -2.1016048639   -1.6082427981
   3.9613188178   -1.2275997353   -1.6082427981
   3.4296876802   -0.1966403925   -2.3449444992
   3.1189692688    0.8615693362   -2.3449444992
   2.2854649348    1.5838049529   -2.3449444992
   1.1938064149   -2.1340425375   -2.3449444992
   2.2854649348   -1.9770857378   -2.3449444992
   3.1189692688   -1.2548501211   -2.3449444992
   2.5013893814   -0.1966403925   -2.8179361072
   1.9868760857    0.6945227767   -2.8179361072
   1.9868760857   -1.0878035617   -2.8179361072
  -5.1824699493   -1.3270065063    2.0401823995
  -3.1185899820   -1.6237476470    2.0401823995
  -6.4609628644    0.6705232990    1.2420490701
  -6.4609628644   -0.4098175370    1.2420490701
  -6.0215486594   -1.3967580004    1.2420490701
  -4.7281771547    2.9719929323    0.2629936031
  -5.7000986381    2.4880335384    0.2629936031
  -6.8237794404   -0.4125209683    0.2629936031
  -6.4315621327   -1.4249505453    0.2629936031
  -4.7281771547    2.9719929323   -0.7788954629
  -6.4315621327   -1.4249505453   -0.7788954629
  -6.0215486594   -1.3967580004   -1.7579509299
  -5.1824699493   -1.3270065063   -2.5560842592
  -4.1940954959   -1.7783819950   -2.5560842592
  -4.4326910667   -0.7582415172   -3.0770287922
  -6.2065422360    2.3108409535   -0.3309734518
  -6.8557952437    1.4967034327   -0.3309734518
  -7.0875109593    0.4814905498   -0.3309734518
  -6.8557952437   -0.5337223332   -0.3309734518
  -5.2683444570    2.7626531912   -1.3990739348
  -6.2065422360    2.3108409535   -1.3990739348
  -6.8557952437    1.4967034327   -1.3990739348
  -7.0875109593    0.4814905498   -1.3990739348
  -6.8557952437   -0.5337223332   -1.3990739348
  -5.0147229004    2.3387871064   -2.3613992177
  -5.9764617423    1.8995756940   -2.3613992177
  -6.5480723236    1.0101322679   -2.3613992177
  -6.5480723236   -0.0471511684   -2.3613992177
  -5.9764617423   -0.9365945945   -2.3613992177
  -5.2683444570    1.3833009666   -3.0273489762
  -5.7890049440    0.4814905498   -3.0273489762
  -5.2683444570   -0.4203198671   -3.0273489762
  -4.7476839701    0.4814905498   -3.2650236933
  -4.5366309726   -1.8482478516    2.0063004071
  -3.4953099987   -1.8482478516    2.0063004071
  -5.2447482579   -2.3645225789    1.3403506486
  -4.2830094160   -2.8037339914    1.3403506486
  -3.2364876006   -2.6532668701    1.3403506486
  -6.1240817593   -1.9616503177    0.3780253657
  -5.4748287516   -2.7757878384    0.3780253657
  -4.5366309726   -3.2276000762    0.3780253657
  -3.4953099987   -3.2276000762    0.3780253657
  -6.1240817593   -1.9616503177   -0.6900751173
  -5.4748287516   -2.7757878384   -0.6900751173
  -4.5366309726   -3.2276000762   -0.6900751173
  -3.4953099987   -3.2276000762   -0.6900751173
  -5.2447482579   -2.3645225789   -1.6524004003
  -4.2830094160   -2.8037339914   -1.6524004003
  -3.2364876006   -2.6532668701   -1.6524004003
  -4.0239655694    0.5675072453    3.1305620756
  -2.9826445956    0.5675072453    2.8928873586
  -3.5033050825    1.4693176622    2.8928873586
  -4.5446260564    1.4693176622    2.8928873586
  -5.0652865433    0.5675072453    2.8928873586
  -4.5446260564   -0.3343031716    2.8928873586
  -3.5033050825   -0.3343031716    2.8928873586
  -3.2444826843    2.2743366807    2.2269376001
  -4.2910044998    2.4248038020    2.2269376001
  -5.2527433417    1.9855923895    2.2269376001
  -5.8243539230    1.0961489635    2.2269376001
  -5.8243539230    0.0388655271    2.2269376001
  -3.5033050825    2.8486698868    1.2646123171
  -4.5446260564    2.8486698868    1.2646123171
  -5.4828238353    2.3968576490    1.2646123171
  -6.1320768430    1.5827201283    1.2646123171
  -1.7780471665    2.2607250545   -3.1865181051
  -3.8419271338    1.9639839138   -3.1865181051
  -4.4293686213    1.0499071169   -3.1865181051
  -1.7472714540    3.2932280534    0.4886542801
  -2.7937932694    3.4436951747    0.4886542801
  -2.0060938521    3.8675612595   -0.4736710028
  -3.0474148260    3.8675612595   -0.4736710028
  -3.9856126050    3.4157490217   -0.4736710028
  -2.0060938521    3.8675612595   -1.5417714858
  -3.0474148260    3.8675612595   -1.5417714858
  -3.9856126050    3.4157490217   -1.5417714858
  -1.7472714540    3.2932280534   -2.5040967688
  -2.7937932694    3.4436951747   -2.5040967688
  -3.7555321113    3.0044837622   -2.5040967688
  -2.0060938521    2.4882090349   -3.1700465273
  -3.0474148260    2.4882090349   -3.1700465273
  -3.0394791284   -2.1983090807   -2.4222727822
  -1.9981581545   -2.1983090807   -2.4222727822
  -4.3192069950    0.6114952789   -3.3845980651
  -4.3192069950   -0.4457881574   -3.3845980651
  -3.7475964137   -1.3352315835   -3.3845980651
  -2.7858575718   -1.7744429959   -3.3845980651
  -1.7393357563   -1.6239758747   -3.3845980651
  -1.4774976675    0.0828535608   -4.0505478236
  -1.9981581545    0.9846639776   -4.0505478236
  -3.0394791284    0.9846639776   -4.0505478236
  -3.5601396153    0.0828535608   -4.0505478236
  -3.0394791284   -0.8189568561   -4.0505478236
  -1.9981581545   -0.8189568561   -4.0505478236
  -2.5188186414    0.0828535608   -4.2882225407
  -2.6493564556   -1.4324803678    2.2431182809
  -1.9492607981   -1.9551428048    2.2225282310
  -2.6573780834   -2.4714175321    1.5565784725
  -1.6956392415   -2.9106289446    1.5565784725
  -1.9492607981   -3.3344950294    0.5942531895
  -0.9079398242   -3.3344950294    0.5942531895
  -1.9492607981   -3.3344950294   -0.4738472935
  -0.9079398242   -3.3344950294   -0.4738472935
  -2.6573780834   -2.4714175321   -1.4361725764
  -1.6956392415   -2.9106289446   -1.4361725764
  -0.6491174261   -2.7601618234   -1.4361725764
  -1.4365355743    0.4515759581    3.3414856416
  -0.9158750873    1.3533863750    3.1038109246
  -1.9571960612    1.3533863750    3.1038109246
  -2.4778565481    0.4515759581    3.1038109246
  -1.9571960612   -0.4502344588    3.1038109246
  -0.6570526892    2.1584053935    2.4378611661
  -1.7035745046    2.3088725148    2.4378611661
  -2.6653133465    1.8696611023    2.4378611661
  -0.9158750873    2.7327385996    1.4755358831
  -1.9571960612    2.7327385996    1.4755358831
   1.5543185446    1.4544116651   -3.0020989373
   0.7331473718    2.1659605368   -3.0020989373
  -0.3423581421    2.3205948848   -3.0020989373
  -0.4656149910   -2.3184056771   -2.2105135670
   1.6335698880    0.9772129926   -3.1728388500
  -1.1737322763   -1.4553281799   -3.1728388500
  -0.2119934344   -1.8945395923   -3.1728388500
   0.8345283810   -1.7440724711   -3.1728388500
   1.0963664698   -0.0372430357   -3.8387886085
   0.5757059829    0.8645673812   -3.8387886085
  -0.4656149910    0.8645673812   -3.8387886085
  -0.9862754779   -0.0372430357   -3.8387886085
  -0.4656149910   -0.9390534525   -3.8387886085
   0.5757059829   -0.9390534525   -3.8387886085
   0.0550454959   -0.0372430357   -4.0764633255
  -0.2200159459    3.3379685269    0.7087755409
   0.5676834714    3.7618346117   -0.2535497421
  -0.4736375024    3.7618346117   -0.2535497421
   1.5058812504    3.3100223739   -1.3216502251
   0.5676834714    3.7618346117   -1.3216502251
  -0.4736375024    3.7618346117   -1.3216502251
   1.6255473766    2.4951279985   -2.2839755081
   0.8265058696    3.1875014057   -2.2839755081
  -0.2200159459    3.3379685269   -2.2839755081
   0.5676834714    2.3824823871   -2.9499252666
  -0.4736375024    2.3824823871   -2.9499252666
   1.4723627901   -0.1966403925    4.0490820921
   2.5147732504   -0.1966403925    3.8992060944
   1.9935680203    0.7061135473    3.8992060944
   0.9511575600    0.7061135473    3.8992060944
   0.4299523298   -0.1966403925    3.8992060944
   0.9511575600   -1.0993943323    3.8992060944
   1.9935680203   -1.0993943323    3.8992060944
   3.4727338147   -0.1966403925    3.4617201635
   3.2047349144    0.8035451198    3.4617201635
   2.4725483024    1.5357317318    3.4617201635
   1.4723627901    1.8037306321    3.4617201635
   0.4721772778    1.5357317318    3.4617201635
  -0.2600093342    0.8035451198    3.4617201635
  -0.5280082345   -0.1966403925    3.4617201635
  -0.2600093342   -1.1968259048    3.4617201635
   0.4721772778   -1.9290125168    3.4617201635
   1.4723627901   -2.1970114171    3.4617201635
   2.4725483024   -1.9290125168    3.4617201635
   3.2047349144   -1.1968259048    3.4617201635
   4.2686362152   -0.1966403925    2.7720668077
   4.0798101048    0.8134900787    2.7720668077
   3.5388337863    1.6871968325    2.7720668077
   2.7187691089    2.3064809303    2.7720668077
   1.7303703517    2.5877046232    2.7720668077
   0.7071262435    2.4928870931    2.7720668077
  -0.2127684287    2.0348339730    2.7720668077
  -0.9050767921   -1.6686886596    2.7720668077
  -0.2127684287   -2.4281147579    2.7720668077
   0.7071262435   -2.8861678781    2.7720668077
   1.7303703517   -2.9809854081    2.7720668077
   2.7187691089   -2.6997617152    2.7720668077
   3.5388337863   -2.0804776174    2.7720668077
   4.0798101048   -1.2067708637    2.7720668077
   4.8380011729   -0.1966403925    1.8861176402
   4.6732751056    0.8433990647    1.8861176402
   4.1952214387    1.7816322135    1.8861176402
   3.4506353961    2.5262182561    1.8861176402
   2.5124022473    3.0042719230    1.8861176402
   1.4723627901    3.1689979903    1.8861176402
   0.4323233329    3.0042719230    1.8861176402
  -0.5059098159    2.5262182561    1.8861176402
  -0.5059098159   -2.9194990411    1.8861176402
   0.4323233329   -3.3975527079    1.8861176402
   1.4723627901   -3.5622787753    1.8861176402
   2.5124022473   -3.3975527079    1.8861176402
   3.4506353961   -2.9194990411    1.8861176402
   4.1952214387   -2.1749129984    1.8861176402
   4.6732751056   -1.2366798497    1.8861176402
   5.1347021251   -0.1966403925    0.8756469937
   4.9863516490    0.8351598324    0.8756469937
   4.5533186941    1.7833697394    0.8756469937
   3.8706850150    2.5711710011    0.8756469937
   2.9937535326    3.1347406445    0.8756469937
   1.9935680203    3.4284216087    0.8756469937
   0.9511575600    3.4284216087    0.8756469937
  -0.0490279523   -3.5280214294    0.8756469937
   0.9511575600   -3.8217023937    0.8756469937
   1.9935680203   -3.8217023937    0.8756469937
   2.9937535326   -3.5280214294    0.8756469937
   3.8706850150   -2.9644517860    0.8756469937
   4.5533186941   -2.1766505243    0.8756469937
   4.9863516490   -1.2284406173    0.8756469937
   5.1347021251   -0.1966403925   -0.1774828096
   4.9863516490    0.8351598324   -0.1774828096
   4.5533186941    1.7833697394   -0.1774828096
   3.8706850150    2.5711710011   -0.1774828096
   2.9937535326    3.1347406445   -0.1774828096
   1.9935680203    3.4284216087   -0.1774828096
  -0.0490279523   -3.5280214294   -0.1774828096
   0.9511575600   -3.8217023937   -0.1774828096
   1.9935680203   -3.8217023937   -0.1774828096
   2.9937535326   -3.5280214294   -0.1774828096
   3.8706850150   -2.9644517860   -0.1774828096
   4.5533186941   -2.1766505243   -0.1774828096
   4.9863516490   -1.2284406173   -0.1774828096
   4.8380011729   -0.1966403925   -1.1879534561
   4.6732751056    0.8433990647   -1.1879534561
   4.1952214387    1.7816322135   -1.1879534561
   3.4506353961    2.5262182561   -1.1879534561
   2.5124022473    3.0042719230   -1.1879534561
  -0.5059098159   -2.9194990411   -1.1879534561
   0.4323233329   -3.3975527079   -1.1879534561
   1.4723627901   -3.5622787753   -1.1879534561
   2.5124022473   -3.3975527079   -1.1879534561
   3.4506353961   -2.9194990411   -1.1879534561
   4.1952214387   -2.1749129984   -1.1879534561
   4.6732751056   -1.2366798497   -1.1879534561
   4.2686362152   -0.1966403925   -2.0739026235
   4.0798101048    0.8134900787   -2.0739026235
   3.5388337863    1.6871968325   -2.0739026235
   2.7187691089    2.3064809303   -2.0739026235
  -0.2127684287   -2.4281147579   -2.0739026235
   0.7071262435   -2.8861678781   -2.0739026235
   1.7303703517   -2.9809854081   -2.0739026235
   2.7187691089   -2.6997617152   -2.0739026235
   3.5388337863   -2.0804776174   -2.0739026235
   4.0798101048   -1.2067708637   -2.0739026235
   3.4727338147   -0.1966403925   -2.7635559794
   3.2047349144    0.8035451198   -2.7635559794
   2.4725483024    1.5357317318   -2.7635559794
   1.4723627901   -2.1970114171   -2.7635559794
   2.4725483024   -1.9290125168   -2.7635559794
   3.2047349144   -1.1968259048   -2.7635559794
   2.5147732504   -0.1966403925   -3.2010419103
   1.9935680203    0.7061135473   -3.2010419103
   1.9935680203   -1.0993943323   -3.2010419103
