  -3.9196608517   -0.2570774484    2.2320671849
  -5.9586386683    0.2454854466    0.1320671849
  -4.1784822088   -2.0572195275   -0.9179328151
  -4.7476839701   -0.8979822072    2.0968058241
  -5.5465714438   -0.3175564824    1.7759543747
  -5.5465714438   -1.4784079319    1.7759543747
  -4.4425361083   -1.8371307577    1.7759543747
  -6.2491012978   -0.3515109907    0.9359543747
  -6.2491012978   -1.4444534237    0.9359543747
  -5.5465714438   -2.2816959011    0.9359543747
  -4.4702332621   -2.4714833629    0.9359543747
  -6.2491012978   -0.3515109907   -0.1023427264
  -6.2491012978   -1.4444534237   -0.1023427264
  -5.5465714438   -2.2816959011   -0.1023427264
  -4.4702332621   -2.4714833629   -0.1023427264
  -5.5465714438   -1.4784079319   -0.9423427264
  -4.0159704857    0.6739748478    2.3625287424
  -3.0284912618    0.6739748478    2.0416772930
  -3.7108226239    1.6131233983    2.0416772930
  -4.8148579594    1.2544005725    2.0416772930
  -4.8148579594    0.0935491231    2.0416772930
  -2.7920038659    1.7010047870    1.2016772930
  -3.7385197777    2.2474760035    1.2016772930
  -4.8148579594    2.0576885417    1.2016772930
  -5.5173878134    1.2204460643    1.2016772930
  -3.7385197777    2.2474760035    0.1633801919
  -4.8148579594    2.0576885417    0.1633801919
  -5.5173878134    1.2204460643    0.1633801919
  -3.7465148615    1.5437917638   -1.4437580746
  -4.8228530431    1.3540043020   -1.4437580746
  -5.5253828972    0.5167618246   -1.4437580746
  -5.5253828972   -0.5761806084   -1.4437580746
  -4.8228530431   -1.4134230859   -1.4437580746
  -3.0364863456   -0.0297093919   -2.2837580746
  -3.7188177077    0.9094391586   -2.2837580746
  -4.8228530431    0.5507163328   -2.2837580746
  -4.8228530431   -0.6101351167   -2.2837580746
  -3.7188177077   -0.9688579425   -2.2837580746
  -4.0239655694   -0.0297093919   -2.6046095240
  -3.7700827025   -2.3064938149    1.4709319560
  -2.5791180362   -0.9320473213   -1.6790680440
  -3.3256418128   -3.2594608216    0.4019504509
  -2.2493036311   -3.4492482834    0.4019504509
  -1.3027877193   -2.9027770669    0.4019504509
  -4.0281716668   -2.4222183442   -0.6363466502
  -3.3256418128   -3.2594608216   -0.6363466502
  -2.2493036311   -3.4492482834   -0.6363466502
  -1.3027877193   -2.9027770669   -0.6363466502
  -1.5392751152   -1.8757471276   -1.4763466502
  -3.3256418128   -2.4561728524   -1.4763466502
  -2.2216064773   -2.8148956782   -1.4763466502
  -2.5267543391   -1.8757471276   -1.7971980996
  -2.5188186414   -1.1768993012    3.1589040235
  -1.5313394176   -1.1768993012    2.8380525740
  -2.2136707797   -0.2377507506    2.8380525740
  -3.3177061151   -0.5964735764    2.8380525740
  -3.3177061151   -1.7573250259    2.8380525740
  -2.2136707797   -2.1160478517    2.8380525740
  -4.0202359692   -1.7233705177    1.9980525740
  -3.3177061151   -2.5606129951    1.9980525740
  -2.2413679335   -2.7504004569    1.9980525740
  -1.2948520216   -2.2039292404    1.9980525740
  -1.3865473580   -0.0524645837    2.1298845884
  -1.4286003111    0.8875502075    2.2504280353
  -0.4411210873    0.8875502075    1.9295765859
  -1.1234524494    1.8266987581    1.9295765859
  -2.2274877848    1.4679759323    1.9295765859
  -0.2046336914    1.9145801468    1.0895765859
  -1.1511496032    2.4610513633    1.0895765859
  -2.2274877848    2.2712639015    1.0895765859
  -1.1511496032    2.4610513633    0.0512794848
  -2.2274877848    2.2712639015    0.0512794848
  -1.1590848663    1.7615599068   -1.5462561230
  -2.2354230480    1.5717724450   -1.5462561230
  -0.4490563504    0.1880587510   -2.3862561230
  -1.1313877125    1.1272073016   -2.3862561230
  -2.2354230480    0.7684844757   -2.3862561230
  -2.2354230480   -0.3923669737   -2.3862561230
  -1.1313877125   -0.7510897995   -2.3862561230
  -1.4365355743    0.1880587510   -2.7071075725
   0.0550454959   -0.9552701700    3.0581782279
   1.0425247198   -0.9552701700    2.7373267784
   0.3601933577   -0.0161216194    2.7373267784
  -0.7438419778   -0.3748444452    2.7373267784
  -0.7438419778   -1.5356958947    2.7373267784
   0.3601933577   -1.8944187205    2.7373267784
  -0.7438419778   -2.3389838639    1.8973267784
   0.3324962039   -2.5287713257    1.8973267784
   1.2790121157   -1.9823001092    1.8973267784
  -0.7518644892   -3.0445421360    0.2860131745
   0.3244736924   -3.2343295978    0.2860131745
   1.2709896043   -2.6878583813    0.2860131745
  -0.7518644892   -3.0445421360   -0.7522839266
   0.3244736924   -3.2343295978   -0.7522839266
   1.2709896043   -2.6878583813   -0.7522839266
  -0.7518644892   -2.2412541668   -1.5922839266
   0.3521708463   -2.5999769926   -1.5922839266
   0.0470229845   -1.6608284421   -1.9131353761
   1.4723627901    0.3642707248    2.4231689778
   2.4635128799    0.3642707248    2.2260169670
   1.9679378350    1.2226318816    2.2260169670
   0.9767877452    1.2226318816    2.2260169670
   1.9679378350   -0.4940904319    2.2260169670
   3.3037693534    0.3642707248    1.6645755411
   3.0130400315    1.3544038663    1.6645755411
   2.2331565714    2.0301767313    1.6645755411
   1.2117264612    2.1770362100    1.6645755411
   0.2730465439    1.7483554555    1.6645755411
   2.2331565714   -1.3016352816    1.6645755411
   3.0130400315   -0.6258624166    1.6645755411
   3.8652107793    0.3642707248    0.8243190676
   3.6282443340    1.4024885575    0.8243190676
   2.9642791088    2.2350746156    0.8243190676
   2.0048215595    2.6971250191    0.8243190676
   0.9399040207    2.6971250191    0.8243190676
  -0.0195535286    2.2350746156    0.8243190676
   2.0048215595   -1.9685835694    0.8243190676
   2.9642791088   -1.5065331659    0.8243190676
   3.6282443340   -0.6739471079    0.8243190676
   4.0623627901    0.3642707248   -0.1668310222
   3.8652107793    1.3554208147   -0.1668310222
   3.3037693534    2.1956772881   -0.1668310222
   2.4635128799    2.7571187140   -0.1668310222
   1.4723627901    2.9542707248   -0.1668310222
   0.4812127003    2.7571187140   -0.1668310222
  -0.3590437732    2.1956772881   -0.1668310222
   2.4635128799   -2.0285772644   -0.1668310222
   3.3037693534   -1.4671358384   -0.1668310222
   3.8652107793   -0.6268793650   -0.1668310222
   3.8652107793    0.3642707248   -1.1579811120
   3.6282443340    1.4024885575   -1.1579811120
   2.9642791088    2.2350746156   -1.1579811120
   2.0048215595    2.6971250191   -1.1579811120
   0.9399040207    2.6971250191   -1.1579811120
  -0.0195535286    2.2350746156   -1.1579811120
   2.0048215595   -1.9685835694   -1.1579811120
   2.9642791088   -1.5065331659   -1.1579811120
   3.6282443340   -0.6739471079   -1.1579811120
   3.3037693534    0.3642707248   -1.9982375855
   3.0130400315    1.3544038663   -1.9982375855
   2.2331565714    2.0301767313   -1.9982375855
   1.2117264612    2.1770362100   -1.9982375855
   0.2730465439    1.7483554555   -1.9982375855
   0.2730465439   -1.0198140058   -1.9982375855
   1.2117264612   -1.4484947603   -1.9982375855
   2.2331565714   -1.3016352816   -1.9982375855
   3.0130400315   -0.6258624166   -1.9982375855
   2.4635128799    0.3642707248   -2.5596790114
   1.9679378350    1.2226318816   -2.5596790114
   0.9767877452    1.2226318816   -2.5596790114
   0.4812127003    0.3642707248   -2.5596790114
   0.9767877452   -0.4940904319   -2.5596790114
   1.9679378350   -0.4940904319   -2.5596790114
   1.4723627901    0.3642707248   -2.7568310222
  -3.9196608517   -0.2570774484    2.5320671849
  -4.9609818256   -0.2570774484    2.2943924679
  -4.4403213387   -1.1588878652    2.2943924679
  -5.7200492053    0.2715642698    1.6284427094
  -6.0277721253    0.7581354346    0.6661174264
  -5.3785191176    1.5722729554   -0.4019830566
  -6.0277721253    0.7581354346   -0.4019830566
  -5.1484386239   -1.6751625926   -1.3643083395
  -4.1866997821   -2.1143740050   -1.3643083395
  -4.7476839701   -0.8979822072    2.3368058241
  -5.7076839701   -0.8979822072    2.0795745994
  -5.2276839701   -1.7293665948    2.0795745994
  -4.2676839701   -1.7293665948    2.0795745994
  -6.0928921670    0.0793687569    1.3768058241
  -6.4104527453   -0.8979822072    1.3768058241
  -6.0928921670   -1.8753331712    1.3768058241
  -5.2615077793   -2.4793692860    1.3768058241
  -4.2338601608   -2.4793692860    1.3768058241
  -6.4104527453    0.0620177928    0.4168058241
  -6.6676839701   -0.8979822072    0.4168058241
  -6.4104527453   -1.8579822072    0.4168058241
  -5.7076839701   -2.5607509824    0.4168058241
  -4.7476839701   -2.8179822072    0.4168058241
  -6.4104527453   -0.8979822072   -0.5431941759
  -6.0928921670   -1.8753331712   -0.5431941759
  -5.2615077793   -2.4793692860   -0.5431941759
  -5.2276839701   -1.7293665948   -1.2459629511
  -4.0159704857    0.6739748478    2.6025287424
  -3.0559704857    0.6739748478    2.3452975177
  -3.5359704857    1.5053592354    2.3452975177
  -4.4959704857    1.5053592354    2.3452975177
  -4.9759704857    0.6739748478    2.3452975177
  -3.5021466764    2.2553619266    1.6425287424
  -4.5297942949    2.2553619266    1.6425287424
  -5.3611786826    1.6513258119    1.6425287424
  -5.6787392609    0.6739748478    1.6425287424
  -3.0559704857    2.3367436231    0.6825287424
  -4.0159704857    2.5939748478    0.6825287424
  -4.9759704857    2.3367436231    0.6825287424
  -5.6787392609    1.6339748478    0.6825287424
  -3.5021466764    2.2553619266   -0.2774712576
  -4.5297942949    2.2553619266   -0.2774712576
  -5.3611786826    1.6513258119   -0.2774712576
  -4.9839655694    1.6330593833   -0.9246095240
  -3.5101417602    1.5516776869   -1.8846095240
  -4.5377893787    1.5516776869   -1.8846095240
  -5.3691737663    0.9476415721   -1.8846095240
  -5.6867343447   -0.0297093919   -1.8846095240
  -5.3691737663   -1.0070603560   -1.8846095240
  -4.5377893787   -1.6110964707   -1.8846095240
  -3.5101417602   -1.6110964707   -1.8846095240
  -3.0639655694   -0.0297093919   -2.5873782993
  -3.5439655694    0.8016749957   -2.5873782993
  -4.5039655694    0.8016749957   -2.5873782993
  -4.9839655694   -0.0297093919   -2.5873782993
  -4.5039655694   -0.8610937796   -2.5873782993
  -3.5439655694   -0.8610937796   -2.5873782993
  -4.0239655694   -0.0297093919   -2.8446095240
  -4.0379763021   -2.7613977250    0.9549821975
  -3.0405781484   -3.4571342065    0.8428019004
  -2.0129305298   -3.4571342065    0.8428019004
  -1.1815461422   -2.8530980917    0.8428019004
  -4.1895231143   -2.8357471276   -0.1171980996
  -3.4867543391   -3.5385159029   -0.1171980996
  -2.5267543391   -3.7957471276   -0.1171980996
  -1.5667543391   -3.5385159029   -0.1171980996
  -3.8719625360   -2.8530980917   -1.0771980996
  -3.0405781484   -3.4571342065   -1.0771980996
  -2.0129305298   -3.4571342065   -1.0771980996
  -1.5667543391   -1.8757471276   -1.7799668749
  -3.4867543391   -1.8757471276   -1.7799668749
  -3.0067543391   -2.7071315153   -1.7799668749
  -2.0467543391   -2.7071315153   -1.7799668749
  -2.5267543391   -1.8757471276   -2.0371980996
  -2.5188186414   -1.1768993012    3.3989040235
  -1.5588186414   -1.1768993012    3.1416727987
  -2.0388186414   -0.3455149135    3.1416727987
  -2.9988186414   -0.3455149135    3.1416727987
  -3.4788186414   -1.1768993012    3.1416727987
  -2.9988186414   -2.0082836888    3.1416727987
  -2.0388186414   -2.0082836888    3.1416727987
  -2.0049948322    0.4044877777    2.4389040235
  -3.0326424507    0.4044877777    2.4389040235
  -4.1815874167   -1.1768993012    2.4389040235
  -3.8640268383   -2.1542502652    2.4389040235
  -3.0326424507   -2.7582863800    2.4389040235
  -2.0049948322   -2.7582863800    2.4389040235
  -1.1736104445   -2.1542502652    2.4389040235
  -2.5188186414   -3.0968993012    1.4789040235
  -1.5588186414   -2.8396680764    1.4789040235
  -1.4286003111    0.8875502075    2.4904280353
  -0.4686003111    0.8875502075    2.2331968106
  -0.9486003111    1.7189345952    2.2331968106
  -1.9086003111    1.7189345952    2.2331968106
  -2.3886003111    0.8875502075    2.2331968106
  -0.9147765019    2.4689372864    1.5304280353
  -1.9424241204    2.4689372864    1.5304280353
  -0.4686003111    2.5503189828    0.5704280353
  -1.4286003111    2.8075502075    0.5704280353
  -2.3886003111    2.5503189828    0.5704280353
  -0.9147765019    2.4689372864   -0.3895719647
  -1.9424241204    2.4689372864   -0.3895719647
  -2.7738085081    1.8649011716   -0.3895719647
  -1.4365355743    2.1080587510   -1.0271075725
  -0.9227117650    1.7694458298   -1.9871075725
  -1.9503593835    1.7694458298   -1.9871075725
  -2.7817437712    1.1654097151   -1.9871075725
  -1.9503593835   -1.3933283278   -1.9871075725
  -0.9227117650   -1.3933283278   -1.9871075725
  -0.4765355743    0.1880587510   -2.6898763477
  -0.9565355743    1.0194431387   -2.6898763477
  -1.9165355743    1.0194431387   -2.6898763477
  -2.3965355743    0.1880587510   -2.6898763477
  -1.9165355743   -0.6433256366   -2.6898763477
  -0.9565355743   -0.6433256366   -2.6898763477
  -1.4365355743    0.1880587510   -2.9471075725
   1.3909347680   -2.5763327526    0.8614851425
   0.0550454959   -0.9552701700    3.2981782279
   1.0150454959   -0.9552701700    3.0409470032
   0.5350454959   -0.1238857823    3.0409470032
  -0.4249545041   -0.1238857823    3.0409470032
  -0.9049545041   -0.9552701700    3.0409470032
  -0.4249545041   -1.7866545576    3.0409470032
   0.5350454959   -1.7866545576    3.0409470032
  -0.4587783133    0.6261169088    2.3381782279
  -0.4587783133   -2.5366572488    2.3381782279
   0.5688693052   -2.5366572488    2.3381782279
   1.4002536928   -1.9326211340    2.3381782279
   1.0150454959   -2.6180389452    1.3781782279
  -0.4668008248   -3.2422155209    0.7268646239
   0.5608467938   -3.2422155209    0.7268646239
   1.3922311814   -2.6381794062    0.7268646239
  -0.9129770155   -3.3235972173   -0.2331353761
   0.0470229845   -3.5808284421   -0.2331353761
   1.0070229845   -3.3235972173   -0.2331353761
   1.7097917598   -2.6208284421   -0.2331353761
  -0.4668008248   -3.2422155209   -1.1931353761
   0.5608467938   -3.2422155209   -1.1931353761
   1.3922311814   -2.6381794062   -1.1931353761
  -0.9129770155   -1.6608284421   -1.8959041513
  -0.4329770155   -2.4922128297   -1.8959041513
   0.5270229845   -2.4922128297   -1.8959041513
   0.0470229845   -1.6608284421   -2.1531353761
   1.4723627901    0.3642707248    2.7931689778
   2.4847424144    0.3642707248    2.6146591353
   1.9785526022    1.2410171977    2.6146591353
   0.9661729780    1.2410171977    2.6146591353
   1.9785526022   -0.5124757480    2.6146591353
   3.3750141148    0.3642707248    2.1006605294
   3.0729749387    1.3929216923    2.1006605294
   2.2627527149    2.0949832458    2.1006605294
   1.2015872745    2.2475558024    2.1006605294
   0.2263911472    1.8021986536    2.1006605294
   2.2627527149   -1.3664417961    2.1006605294
   3.0729749387   -0.6643802427    2.1006605294
   4.0357979853    0.3642707248    1.3131689778
   3.8141773686    1.4069137509    1.3131689778
   3.1876357366    2.2692743256    1.3131689778
   2.2645078294    2.8022424713    1.3131689778
   1.2044108485    2.9136631538    1.3131689778
   0.1906451925    2.5842707248    1.3131689778
   2.2645078294   -2.0737010217    1.3131689778
   3.1876357366   -1.5407328759    1.3131689778
   3.8141773686   -0.6783723012    1.3131689778
   4.3873937390    0.3642707248    0.3471675837
   4.1905481978    1.4173013618    0.3471675837
   3.6265966553    2.3281143762    0.3471675837
   2.7717038923    2.9736994235    0.3471675837
   1.7413279135    3.2668666656    0.3471675837
   0.6746267045    3.1680222421    0.3471675837
  -0.2843358258    2.6905156401    0.3471675837
   1.7413279135   -2.5383252160    0.3471675837
   2.7717038923   -2.2451579738    0.3471675837
   3.6265966553   -1.5995729265    0.3471675837
   4.1905481978   -0.6887599121    0.3471675837
   4.3873937390    0.3642707248   -0.6808296281
   4.1905481978    1.4173013618   -0.6808296281
   3.6265966553    2.3281143762   -0.6808296281
   2.7717038923    2.9736994235   -0.6808296281
   1.7413279135    3.2668666656   -0.6808296281
   0.6746267045    3.1680222421   -0.6808296281
  -0.2843358258    2.6905156401   -0.6808296281
   1.7413279135   -2.5383252160   -0.6808296281
   2.7717038923   -2.2451579738   -0.6808296281
   3.6265966553   -1.5995729265   -0.6808296281
   4.1905481978   -0.6887599121   -0.6808296281
   4.0357979853    0.3642707248   -1.6468310222
   3.8141773686    1.4069137509   -1.6468310222
   3.1876357366    2.2692743256   -1.6468310222
   2.2645078294    2.8022424713   -1.6468310222
   1.2044108485    2.9136631538   -1.6468310222
   0.1906451925    2.5842707248   -1.6468310222
  -0.6014998468    1.8710201278   -1.6468310222
   2.2645078294   -2.0737010217   -1.6468310222
   3.1876357366   -1.5407328759   -1.6468310222
   3.8141773686   -0.6783723012   -1.6468310222
   3.3750141148    0.3642707248   -2.4343225738
   3.0729749387    1.3929216923   -2.4343225738
   2.2627527149    2.0949832458   -2.4343225738
   1.2015872745    2.2475558024   -2.4343225738
   0.2263911472    1.8021986536   -2.4343225738
   0.2263911472   -1.0736572039   -2.4343225738
   1.2015872745   -1.5190143527   -2.4343225738
   2.2627527149   -1.3664417961   -2.4343225738
   3.0729749387   -0.6643802427   -2.4343225738
   2.4847424144    0.3642707248   -2.9483211797
   1.9785526022    1.2410171977   -2.9483211797
   0.9661729780    1.2410171977   -2.9483211797
   0.4599831659    0.3642707248   -2.9483211797
   0.9661729780   -0.5124757480   -2.9483211797
   1.9785526022   -0.5124757480   -2.9483211797
   1.4723627901    0.3642707248   -3.1268310222
  -4.9529061191   -0.2570774484    2.6265419227
  -4.4362834854   -1.1518940983    2.6265419227
  -5.7515136197    0.2808030555    2.0412554941
  -6.1671049322    0.8252345780    1.1653124523
  -6.4141355895    0.7761678190    0.1320671849
  -3.3645880033    2.1748555997   -0.9011780824
  -4.4747337001    2.1748555997   -0.9011780824
  -5.4749404117    1.6931814339   -0.9011780824
  -6.1671049322    0.8252345780   -0.9011780824
  -6.4141355895   -0.2570774484   -0.9011780824
  -4.4747337001   -2.6890104965   -0.9011780824
  -5.1699133091   -1.6999457004   -1.7771211243
  -4.1913666772   -2.1468329734   -1.7771211243
  -5.8276839701   -0.8979822072    2.2874206963
  -5.2876839701   -1.8332896433    2.2874206963
  -6.5425257963   -0.3709690964    1.4968058241
  -6.5425257963   -1.4249953180    1.4968058241
  -5.9726761982   -2.3116986006    1.4968058241
  -5.0139002231   -2.7495569172    1.4968058241
  -6.8449182957   -0.3810603723    0.4168058241
  -6.8449182957   -1.4149040420    0.4168058241
  -6.3644671861   -2.3303271490    0.4168058241
  -5.5136305261   -2.9176172914    0.4168058241
  -4.4873247407   -3.0422333752    0.4168058241
  -6.5425257963   -0.3709690964   -0.6631941759
  -6.5425257963   -1.4249953180   -0.6631941759
  -5.9726761982   -2.3116986006   -0.6631941759
  -5.0139002231   -2.7495569172   -0.6631941759
  -4.0159704857    0.6739748478    2.8425287424
  -3.4759704857    1.6092822839    2.5531436146
  -4.5559704857    1.6092822839    2.5531436146
  -5.0959704857    0.6739748478    2.5531436146
  -3.2388889842    2.3755459865    1.7625287424
  -4.2821867387    2.5255495578    1.7625287424
  -5.2409627138    2.0876912412    1.7625287424
  -5.8108123119    1.2009879586    1.7625287424
  -3.7556112563    2.8182260158    0.6825287424
  -4.7819170417    2.6936099320    0.6825287424
  -5.6327537017    2.1063197896    0.6825287424
  -3.2388889842    2.3755459865   -0.3974712576
  -4.2821867387    2.5255495578   -0.3974712576
  -5.2409627138    2.0876912412   -0.3974712576
  -3.2468840680    1.6718617468   -2.0046095240
  -4.2901818224    1.8218653180   -2.0046095240
  -5.2489577976    1.3840070015   -2.0046095240
  -5.8188073956    0.4973037189   -2.0046095240
  -5.8188073956   -0.5567225027   -2.0046095240
  -5.2489577976   -1.4434257854   -2.0046095240
  -4.2901818224   -1.8812841019   -2.0046095240
  -2.9439655694   -0.0297093919   -2.7952243962
  -3.4839655694    0.9055980441   -2.7952243962
  -4.5639655694    0.9055980441   -2.7952243962
  -5.1039655694   -0.0297093919   -2.7952243962
  -4.5639655694   -0.9650168280   -2.7952243962
  -3.4839655694   -0.9650168280   -2.7952243962
  -4.0239655694   -0.0297093919   -3.0846095240
  -4.1343975962   -2.8823062035    1.4541772234
  -3.1341908846   -3.3639803694    1.4541772234
  -2.0240451879   -3.3639803694    1.4541772234
  -2.7929705921   -3.7273218376    0.9628019004
  -1.7496728376   -3.5773182664    0.9628019004
  -4.1435375551   -3.3080920694   -0.1171980996
  -3.2927008951   -3.8953822118   -0.1171980996
  -2.2663951097   -4.0199982957   -0.1171980996
  -1.2997344861   -3.6533922780   -0.1171980996
  -3.7517465672   -3.2894635211   -1.1971980996
  -2.7929705921   -3.7273218376   -1.1971980996
  -1.7496728376   -3.5773182664   -1.1971980996
  -1.4467543391   -1.8757471276   -1.9878129718
  -3.0667543391   -2.8110545637   -1.9878129718
  -1.9867543391   -2.8110545637   -1.9878129718
  -2.5267543391   -1.8757471276   -2.2771980996
  -2.5188186414   -1.1768993012    3.6389040235
  -1.4388186414   -1.1768993012    3.3495188956
  -1.9788186414   -0.2415918651    3.3495188956
  -3.0588186414   -0.2415918651    3.3495188956
  -3.5988186414   -1.1768993012    3.3495188956
  -3.0588186414   -2.1122067372    3.3495188956
  -1.9788186414   -2.1122067372    3.3495188956
  -4.3136604676   -1.7039124120    2.5589040235
  -3.7438108695   -2.5906156946    2.5589040235
  -2.7850348944   -3.0284740111    2.5589040235
  -1.7417371400   -2.8784704399    2.5589040235
  -1.9416202064    2.3794684644   -1.0033606790
  -1.4286003111    0.8875502075    2.7304280353
  -0.8886003111    1.8228576436    2.4410429075
  -1.9686003111    1.8228576436    2.4410429075
  -2.5086003111    0.8875502075    2.4410429075
  -0.6515188097    2.5891213463    1.6504280353
  -1.6948165642    2.7391249175    1.6504280353
  -2.6535925393    2.3012666010    1.6504280353
  -1.1682410818    3.0318013756    0.5704280353
  -2.1945468672    2.9071852917    0.5704280353
  -1.6948165642    2.7391249175   -0.5095719647
  -2.6535925393    2.3012666010   -0.5095719647
  -1.7027518273    2.0396334610   -2.1071075725
  -2.6615278024    1.6017751444   -2.1071075725
  -0.8965355743    1.1233661871   -2.8977224447
  -1.9765355743    1.1233661871   -2.8977224447
  -2.5165355743    0.1880587510   -2.8977224447
  -1.9765355743   -0.7472486851   -2.8977224447
  -0.8965355743   -0.7472486851   -2.8977224447
  -1.4365355743    0.1880587510   -3.1871075725
  -0.6229963463   -3.1789153970    1.3606801684
   0.4871493504   -3.1789153970    1.3606801684
   1.4873560621   -2.6972412311    1.3606801684
   0.0550454959   -0.9552701700    3.5381782279
   1.1350454959   -0.9552701700    3.2487931001
   0.5950454959   -0.0199627339    3.2487931001
  -0.4849545041   -0.0199627339    3.2487931001
  -1.0249545041   -0.9552701700    3.2487931001
  -0.4849545041   -1.8905776061    3.2487931001
   0.5950454959   -1.8905776061    3.2487931001
  -0.2111707571   -2.8068448800    2.4581782279
   0.8321269974   -2.6568413087    2.4581782279
   1.6287068657   -1.9666009236    2.4581782279
  -0.2191932685   -3.5124031521    0.8468646239
   0.8241044859   -3.3623995808    0.8468646239
  -0.7189235715   -3.6804635263   -0.2331353761
   0.3073822139   -3.8050796101   -0.2331353761
   1.2740428374   -3.4384735924   -0.2331353761
  -1.1779692436   -3.0745448355   -1.3131353761
  -0.2191932685   -3.5124031521   -1.3131353761
   0.8241044859   -3.3623995808   -1.3131353761
  -0.4929770155   -2.5961358782   -2.1037502483
   0.5870229845   -2.5961358782   -2.1037502483
   0.0470229845   -1.6608284421   -2.3931353761
   1.4723627901    0.3642707248    3.1631689778
   2.5013893814    0.3642707248    3.0001871771
   1.9868760857    1.2554338940    3.0001871771
   0.9578494945    1.2554338940    3.0001871771
   1.9868760857   -0.5268924444    3.0001871771
   3.4296876802    0.3642707248    2.5271955691
   3.1189692688    1.4224804535    2.5271955691
   2.2854649348    2.1447160702    2.5271955691
   1.1938064149    2.3016728698    2.5271955691
   0.1905875760    1.8435181774    2.5271955691
  -0.4056766891    0.9157128707    2.5271955691
   2.2854649348   -1.4161746205    2.5271955691
   3.1189692688   -0.6939390038    2.5271955691
   4.1663893814    0.3642707248    1.7904938679
   3.9613188178    1.3952300677    1.7904938679
   3.3773272615    2.2692351962    1.7904938679
   2.5033221329    2.8532267526    1.7904938679
   1.4723627901    3.0582973161    1.7904938679
   0.4414034473    2.8532267526    1.7904938679
   2.5033221329   -2.1246853029    1.7904938679
   3.3773272615   -1.5406937465    1.7904938679
   3.9613188178   -0.6666886180    1.7904938679
   4.6393809894    0.3642707248    0.8621955691
   4.4677832077    1.3925998531    0.8621955691
   3.9715851451    2.3094935641    0.8621955691
   3.2045575609    3.0155921973    0.8621955691
   2.2498197955    3.4343790094    0.8621955691
   1.2108325001    3.5204719513    0.8621955691
   0.2001860697    3.2645415168    0.8621955691
   2.2498197955   -2.7058375598    0.8621955691
   3.2045575609   -2.2870507476    0.8621955691
   3.9715851451   -1.5809521145    0.8621955691
   4.4677832077   -0.6640584034    0.8621955691
   4.8023627901    0.3642707248   -0.1668310222
   4.6393809894    1.3932973161   -0.1668310222
   4.1663893814    2.3215956150   -0.1668310222
   3.4296876802    3.0582973161   -0.1668310222
   2.5013893814    3.5312889241   -0.1668310222
   1.4723627901    3.6942707248   -0.1668310222
   0.4433361988    3.5312889241   -0.1668310222
  -0.4849621000    3.0582973161   -0.1668310222
   2.5013893814   -2.8027474744   -0.1668310222
   3.4296876802   -2.3297558664   -0.1668310222
   4.1663893814   -1.5930541653   -0.1668310222
   4.6393809894   -0.6647558664   -0.1668310222
   4.6393809894    0.3642707248   -1.1958576135
   4.4677832077    1.3925998531   -1.1958576135
   3.9715851451    2.3094935641   -1.1958576135
   3.2045575609    3.0155921973   -1.1958576135
   2.2498197955    3.4343790094   -1.1958576135
   1.2108325001    3.5204719513   -1.1958576135
   0.2001860697    3.2645415168   -1.1958576135
  -0.6726002733    2.6943217396   -1.1958576135
   2.2498197955   -2.7058375598   -1.1958576135
   3.2045575609   -2.2870507476   -1.1958576135
   3.9715851451   -1.5809521145   -1.1958576135
   4.4677832077   -0.6640584034   -1.1958576135
   4.1663893814    0.3642707248   -2.1241559123
   3.9613188178    1.3952300677   -2.1241559123
   3.3773272615    2.2692351962   -2.1241559123
   2.5033221329    2.8532267526   -2.1241559123
   1.4723627901    3.0582973161   -2.1241559123
   0.4414034473    2.8532267526   -2.1241559123
  -0.4326016813    2.2692351962   -2.1241559123
   1.4723627901   -2.3297558664   -2.1241559123
   2.5033221329   -2.1246853029   -2.1241559123
   3.3773272615   -1.5406937465   -2.1241559123
   3.9613188178   -0.6666886180   -2.1241559123
   3.4296876802    0.3642707248   -2.8608576135
   3.1189692688    1.4224804535   -2.8608576135
   2.2854649348    2.1447160702   -2.8608576135
   1.1938064149    2.3016728698   -2.8608576135
   0.1905875760    1.8435181774   -2.8608576135
  -0.4056766891    0.9157128707   -2.8608576135
   0.1905875760   -1.1149767278   -2.8608576135
   1.1938064149   -1.5731314201   -2.8608576135
   2.2854649348   -1.4161746205   -2.8608576135
   3.1189692688   -0.6939390038   -2.8608576135
   2.5013893814    0.3642707248   -3.3338492215
   1.9868760857    1.2554338940   -3.3338492215
   0.9578494945    1.2554338940   -3.3338492215
   0.4433361988    0.3642707248   -3.3338492215
   0.9578494945   -0.5268924444   -3.3338492215
   1.9868760857   -0.5268924444   -3.3338492215
   1.4723627901    0.3642707248   -3.4968310222
  -4.9457212817   -0.2570774484    2.9511450473
  -4.4326910667   -1.1456718465    2.9511450473
  -5.7699114368    0.2862051420    2.4302005143
  -6.4609628644    0.2830929696    1.6320671849
  -6.4315621327    1.2982259779    0.6530117179
  -6.8237794404    0.2857964009    0.6530117179
  -5.7000986381    2.1006032090   -0.3888773481
  -6.4315621327    1.2982259779   -0.3888773481
  -6.8237794404    0.2857964009   -0.3888773481
  -3.1168111497    2.2138398623   -1.3679328151
  -4.1912337655    2.3267662297   -1.3679328151
  -6.0215486594    1.2700334330   -1.3679328151
  -6.4609628644    0.2830929696   -1.3679328151
  -6.4609628644   -0.7972478663   -1.3679328151
  -5.2186989574   -2.5070774484   -1.3679328151
  -4.1940954959   -2.1658123243   -2.1660661444
  -5.7890049440   -0.8979822072    2.5791311071
  -5.2683444570   -1.7997926240    2.5791311071
  -6.5480723236   -0.3693404890    1.9131813486
  -6.5480723236   -1.4266239254    1.9131813486
  -5.9764617423   -2.3160673514    1.9131813486
  -5.0147229004   -2.7552787639    1.9131813486
  -6.8557952437    0.1172306758    0.9508560656
  -7.0875109593   -0.8979822072    0.9508560656
  -6.8557952437   -1.9131950901    0.9508560656
  -6.2065422360   -2.7273326109    0.9508560656
  -5.2683444570   -3.1791448487    0.9508560656
  -7.0875109593   -0.8979822072   -0.1172444174
  -6.8557952437   -1.9131950901   -0.1172444174
  -6.2065422360   -2.7273326109   -0.1172444174
  -5.2683444570   -3.1791448487   -0.1172444174
  -6.5480723236   -1.4266239254   -1.0795697003
  -5.9764617423   -2.3160673514   -1.0795697003
  -4.0159704857    0.6739748478    3.0825287424
  -3.4953099987    1.5757852647    2.8448540254
  -4.5366309726    1.5757852647    2.8448540254
  -5.0572914596    0.6739748478    2.8448540254
  -3.2364876006    2.3808042832    2.1789042669
  -4.2830094160    2.5312714045    2.1789042669
  -5.2447482579    2.0920599920    2.1789042669
  -5.8163588392    1.2026165660    2.1789042669
  -3.4953099987    2.9551374893    1.2165789839
  -4.5366309726    2.9551374893    1.2165789839
  -5.4748287516    2.5033252515    1.2165789839
  -6.1240817593    1.6891877308    1.2165789839
  -3.4953099987    2.9551374893    0.1484785010
  -4.5366309726    2.9551374893    0.1484785010
  -5.4748287516    2.5033252515    0.1484785010
  -4.5446260564    2.2514532495   -1.4586597655
  -5.4828238353    1.7996410118   -1.4586597655
  -3.2444826843    1.6771200435   -2.4209850485
  -4.2910044998    1.8275871647   -2.4209850485
  -5.2527433417    1.3883757523   -2.4209850485
  -5.8243539230    0.4989323262   -2.4209850485
  -5.8243539230   -0.5583511101   -2.4209850485
  -5.2527433417   -1.4477945362   -2.4209850485
  -4.2910044998   -1.8870059486   -2.4209850485
  -3.2444826843   -1.7365388274   -2.4209850485
  -2.9826445956   -0.0297093919   -3.0869348070
  -3.5033050825    0.8721010249   -3.0869348070
  -4.5446260564    0.8721010249   -3.0869348070
  -5.0652865433   -0.0297093919   -3.0869348070
  -4.5446260564   -0.9315198088   -3.0869348070
  -3.5033050825   -0.9315198088   -3.0869348070
  -4.0239655694   -0.0297093919   -3.3246095240
  -3.8781561419   -3.1820473213    1.9209319560
  -2.8506909501   -3.5158909993    1.9209319560
  -4.3595558227   -3.2897279787    0.9418764890
  -3.9856126050   -3.7050975314    0.4168521419
  -3.0474148260   -4.1569097691    0.4168521419
  -2.0060938521   -4.1569097691    0.4168521419
  -1.0678960732   -3.7050975314    0.4168521419
  -3.9856126050   -3.7050975314   -0.6512483411
  -3.0474148260   -4.1569097691   -0.6512483411
  -2.0060938521   -4.1569097691   -0.6512483411
  -3.7555321113   -3.2938322719   -1.6135736241
  -2.7937932694   -3.7330436843   -1.6135736241
  -1.7472714540   -3.5825765631   -1.6135736241
  -3.0474148260   -2.7775575445   -2.2795233826
  -2.0060938521   -2.7775575445   -2.2795233826
  -2.5267543391   -1.8757471276   -2.5171980996
  -2.5188186414   -1.1768993012    3.8789040235
  -1.4774976675   -1.1768993012    3.6412293064
  -1.9981581545   -0.2750888843    3.6412293064
  -3.0394791284   -0.2750888843    3.6412293064
  -3.5601396153   -1.1768993012    3.6412293064
  -3.0394791284   -2.0787097180    3.6412293064
  -1.9981581545   -2.0787097180    3.6412293064
  -1.7393357563    0.5299301343    2.9752795479
  -2.7858575718    0.6803972555    2.9752795479
  -4.3192069950   -1.7055410193    2.9752795479
  -3.7475964137   -2.5949844454    2.9752795479
  -2.7858575718   -3.0341958578    2.9752795479
  -1.7393357563   -2.8837287366    2.9752795479
  -3.0394791284   -3.4580619426    2.0129542649
  -1.9981581545   -3.4580619426    2.0129542649
  -2.6855854637    2.1975354163   -1.4701154116
  -1.4286003111    0.8875502075    2.9704280353
  -0.9079398242    1.7893606244    2.7327533183
  -1.9492607981    1.7893606244    2.7327533183
  -0.6491174261    2.5943796430    2.0668035598
  -1.6956392415    2.7448467642    2.0668035598
  -2.6573780834    2.3056353518    2.0668035598
  -0.9079398242    3.1687128490    1.1044782768
  -1.9492607981    3.1687128490    1.1044782768
  -1.9492607981    3.1687128490    0.0363777938
  -2.8874585770    2.7169006113    0.0363777938
  -1.9571960612    2.4692213925   -1.5611578140
  -2.8953938402    2.0174091547   -1.5611578140
  -1.7035745046    2.0453553077   -2.5234830969
  -2.6653133465    1.6061438952   -2.5234830969
  -1.7035745046   -1.6692378057   -2.5234830969
  -0.9158750873    1.0898691679   -3.1894328554
  -1.9571960612    1.0898691679   -3.1894328554
  -2.4778565481    0.1880587510   -3.1894328554
  -1.9571960612   -0.7137516659   -3.1894328554
  -0.9158750873   -0.7137516659   -3.1894328554
  -1.4365355743    0.1880587510   -3.4271075725
  -0.3394964118   -3.3308260269    1.8274349010
   0.7349262040   -3.2178996595    1.8274349010
   0.0550454959   -0.9552701700    3.7781782279
   1.0963664698   -0.9552701700    3.5405035109
   0.5757059829   -0.0534597531    3.5405035109
  -0.4656149910   -0.0534597531    3.5405035109
  -0.9862754779   -0.9552701700    3.5405035109
  -0.4656149910   -1.8570805868    3.5405035109
   0.5757059829   -1.8570805868    3.5405035109
  -0.2119934344   -2.8125667267    2.8745537524
   0.8345283810   -2.6620996054    2.8745537524
   1.6335698880   -1.9697261983    2.8745537524
   0.5757059829   -3.2364328115    1.9122284694
   1.5139037618   -2.7846205737    1.9122284694
  -0.4736375024   -3.9419910836    0.3009148654
   0.5676834714   -3.9419910836    0.3009148654
   1.5058812504   -3.4901788458    0.3009148654
  -0.4736375024   -3.9419910836   -0.7671856176
   0.5676834714   -3.9419910836   -0.7671856176
   1.5058812504   -3.4901788458   -0.7671856176
  -1.1817547877   -3.0789135863   -1.7295109005
  -0.2200159459   -3.5181249988   -1.7295109005
   0.8265058696   -3.3676578775   -1.7295109005
  -0.4736375024   -2.5626388590   -2.3954606590
   0.5676834714   -2.5626388590   -2.3954606590
   1.4723627901    0.3642707248    3.5331689778
   2.5147732504    0.3642707248    3.3832929802
   1.9935680203    1.2670246646    3.3832929802
   0.9511575600    1.2670246646    3.3832929802
   0.4299523298    0.3642707248    3.3832929802
   1.9935680203   -0.5384832150    3.3832929802
   3.4727338147    0.3642707248    2.9458070493
   3.2047349144    1.3644562371    2.9458070493
   2.4725483024    2.0966428491    2.9458070493
   1.4723627901    2.3646417494    2.9458070493
   0.4721772778    2.0966428491    2.9458070493
  -0.2600093342    1.3644562371    2.9458070493
   2.4725483024   -1.3681013994    2.9458070493
   3.2047349144   -0.6359147875    2.9458070493
   4.2686362152    0.3642707248    2.2561536934
   4.0798101048    1.3744011960    2.2561536934
   3.5388337863    2.2481079498    2.2561536934
   2.7187691089    2.8673920476    2.2561536934
   1.7303703517    3.1486157405    2.2561536934
   0.7071262435    3.0537982104    2.2561536934
  -0.2127684287    2.5957450903    2.2561536934
   2.7187691089   -2.1388505979    2.2561536934
   3.5388337863   -1.5195665001    2.2561536934
   4.0798101048   -0.6458597464    2.2561536934
   4.8380011729    0.3642707248    1.3702045259
   4.6732751056    1.4043101820    1.3702045259
   4.1952214387    2.3425433308    1.3702045259
   3.4506353961    3.0871293735    1.3702045259
   2.5124022473    3.5651830403    1.3702045259
   1.4723627901    3.7299091077    1.3702045259
   0.4323233329    3.5651830403    1.3702045259
  -0.5059098159    3.0871293735    1.3702045259
   2.5124022473   -2.8366415906    1.3702045259
   3.4506353961   -2.3585879238    1.3702045259
   4.1952214387   -1.6140018811    1.3702045259
   4.6732751056   -0.6757687324    1.3702045259
   5.1347021251    0.3642707248    0.3597338794
   4.9863516490    1.3960709497    0.3597338794
   4.5533186941    2.3442808567    0.3597338794
   3.8706850150    3.1320821184    0.3597338794
   2.9937535326    3.6956517618    0.3597338794
   1.9935680203    3.9893327260    0.3597338794
   0.9511575600    3.9893327260    0.3597338794
  -0.0490279523    3.6956517618    0.3597338794
   1.9935680203   -3.2607912763    0.3597338794
   2.9937535326   -2.9671103121    0.3597338794
   3.8706850150   -2.4035406687    0.3597338794
   4.5533186941   -1.6157394070    0.3597338794
   4.9863516490   -0.6675295000    0.3597338794
   5.1347021251    0.3642707248   -0.6933959238
   4.9863516490    1.3960709497   -0.6933959238
   4.5533186941    2.3442808567   -0.6933959238
   3.8706850150    3.1320821184   -0.6933959238
   2.9937535326    3.6956517618   -0.6933959238
   1.9935680203    3.9893327260   -0.6933959238
   0.9511575600    3.9893327260   -0.6933959238
  -0.0490279523    3.6956517618   -0.6933959238
  -0.9259594347    3.1320821184   -0.6933959238
   1.9935680203   -3.2607912763   -0.6933959238
   2.9937535326   -2.9671103121   -0.6933959238
   3.8706850150   -2.4035406687   -0.6933959238
   4.5533186941   -1.6157394070   -0.6933959238
   4.9863516490   -0.6675295000   -0.6933959238
   4.8380011729    0.3642707248   -1.7038665703
   4.6732751056    1.4043101820   -1.7038665703
   4.1952214387    2.3425433308   -1.7038665703
   3.4506353961    3.0871293735   -1.7038665703
   2.5124022473    3.5651830403   -1.7038665703
   1.4723627901    3.7299091077   -1.7038665703
   0.4323233329    3.5651830403   -1.7038665703
  -0.5059098159    3.0871293735   -1.7038665703
   1.4723627901   -3.0013676580   -1.7038665703
   2.5124022473   -2.8366415906   -1.7038665703
   3.4506353961   -2.3585879238   -1.7038665703
   4.1952214387   -1.6140018811   -1.7038665703
   4.6732751056   -0.6757687324   -1.7038665703
   4.2686362152    0.3642707248   -2.5898157378
   4.0798101048    1.3744011960   -2.5898157378
   3.5388337863    2.2481079498   -2.5898157378
   2.7187691089    2.8673920476   -2.5898157378
   1.7303703517    3.1486157405   -2.5898157378
   0.7071262435    3.0537982104   -2.5898157378
  -0.2127684287    2.5957450903   -2.5898157378
   0.7071262435   -2.3252567608   -2.5898157378
   1.7303703517   -2.4200742908   -2.5898157378
   2.7187691089   -2.1388505979   -2.5898157378
   3.5388337863   -1.5195665001   -2.5898157378
   4.0798101048   -0.6458597464   -2.5898157378
   3.4727338147    0.3642707248   -3.2794690937
   3.2047349144    1.3644562371   -3.2794690937
   2.4725483024    2.0966428491   -3.2794690937
   1.4723627901    2.3646417494   -3.2794690937
   0.4721772778    2.0966428491   -3.2794690937
  -0.2600093342    1.3644562371   -3.2794690937
  -0.5280082345    0.3642707248   -3.2794690937
  -0.2600093342   -0.6359147875   -3.2794690937
   0.4721772778   -1.3681013994   -3.2794690937
   1.4723627901   -1.6361002997   -3.2794690937
   2.4725483024   -1.3681013994   -3.2794690937
   3.2047349144   -0.6359147875   -3.2794690937
   2.5147732504    0.3642707248   -3.7169550246
   1.9935680203    1.2670246646   -3.7169550246
   0.9511575600    1.2670246646   -3.7169550246
   0.4299523298    0.3642707248   -3.7169550246
   0.9511575600   -0.5384832150   -3.7169550246
   1.9935680203   -0.5384832150   -3.7169550246
   1.4723627901    0.3642707248   -3.8668310222
