   1.1157904756   -4.5538986802   -1.5355507814
   3.7199183923   -3.5662832319   -1.5355507814
   2.3854607384   -1.6810378966   -3.3542041293
   3.8686936691   -3.2040913014   -1.8115624192
   2.5483694297   -4.7775924571   -1.8115624192
   3.4948853415   -4.2311212406   -1.8115624192
   3.8686936691   -3.2040913014   -2.8498595203
   3.4948853415   -2.1770613622   -2.8498595203
   1.4720312480   -4.5878049953   -2.8498595203
   2.5483694297   -4.7775924571   -2.8498595203
   3.4948853415   -4.2311212406   -2.8498595203
   3.2583979456   -3.2040913014   -3.6898595203
   2.5760665835   -2.2649427508   -3.6898595203
   1.4720312480   -3.7845170261   -3.6898595203
   2.5760665835   -4.1432398519   -3.6898595203
   2.2709187217   -3.2040913014   -4.0107109698
   2.5807254185   -1.8047849486    0.3495504661
   3.5682046423   -1.8047849486    0.0286990167
   4.1785003658   -1.8047849486   -0.8113009833
   3.8046920382   -0.7777550094   -0.8113009833
   4.1785003658   -1.8047849486   -1.8495980844
   3.8046920382   -0.7777550094   -1.8495980844
   2.8581761264   -0.2312837929   -1.8495980844
   3.5682046423   -1.8047849486   -2.6895980844
   2.8858732802   -0.8656363981   -2.6895980844
   1.7829287617   -3.2097693454    1.0334556565
   2.7704079856   -3.2097693454    0.7126042070
   2.0880766235   -2.2706207948    0.7126042070
   0.9840412880   -3.7901950701    0.7126042070
   2.0880766235   -4.1489178959    0.7126042070
   3.3807037091   -3.2097693454   -0.1273957930
   0.2815114340   -3.7562405619   -0.1273957930
   0.9840412880   -4.5934830393   -0.1273957930
   2.0603794696   -4.7832705011   -0.1273957930
   3.0068953815   -4.2367992846   -0.1273957930
   0.9840412880   -4.5934830393   -1.1656928940
   2.0603794696   -4.7832705011   -1.1656928940
   0.2351123148   -3.8316093024   -0.8869627832
  -1.2510514369   -1.5190933655   -2.9869627832
   1.0189336719   -2.9407938972   -3.7556161311
  -0.9496739408   -3.4365015475   -0.8685044239
  -1.6522037948   -3.4025470393   -1.7085044239
  -0.9496739408   -4.2397895167   -1.7085044239
   0.1266642408   -4.4295769785   -1.7085044239
  -1.6522037948   -2.3096046063   -2.7468015250
  -1.6522037948   -3.4025470393   -2.7468015250
  -0.9496739408   -4.2397895167   -2.7468015250
   0.1266642408   -4.4295769785   -2.7468015250
  -0.9496739408   -2.2756500980   -3.5868015250
  -0.9496739408   -3.4365015475   -3.5868015250
   0.1543613947   -3.7952243733   -3.5868015250
  -0.1507864671   -2.8560758228   -3.9076529744
   1.8240360416   -0.3781942019   -2.3009298623
   2.1978443691   -1.4052241412   -3.3392269634
   1.8240360416   -0.3781942019   -3.3392269634
   0.8775201297    0.1682770146   -3.3392269634
  -0.1988180519   -0.0215104472   -3.3392269634
  -0.9013479060   -0.8587529247   -3.3392269634
   1.5875486456   -1.4052241412   -4.1792269634
   0.9052172835   -0.4660755906   -4.1792269634
  -0.1988180519   -0.8247984164   -4.1792269634
  -0.1988180519   -1.9856498659   -4.1792269634
   0.9052172835   -2.3443726917   -4.1792269634
   0.6000694218   -1.4052241412   -4.5000784129
  -1.7972587506   -2.6355259496   -0.8329712274
  -0.7503861794   -0.3336416933   -2.6516245754
  -0.3242338325   -1.8586955749    1.7353649886
   0.6632453914   -1.8586955749    1.4145135391
  -1.1231213062   -2.4391212997    1.4145135391
  -0.0190859707   -2.7978441255    1.4145135391
   1.2735411149   -1.8586955749    0.5745135391
  -1.8256511602   -1.3122243584    0.5745135391
  -1.8256511602   -2.4051667914    0.5745135391
  -1.1231213062   -3.2424092689    0.5745135391
  -0.0467831246   -3.4321967307    0.5745135391
  -1.1231213062   -3.2424092689   -0.4637835620
  -0.0467831246   -3.4321967307   -0.4637835620
  -2.0289587751   -1.5834043287    0.1959107043
  -2.7314886291   -0.4565073875   -0.6440892957
  -2.7314886291   -1.5494498205   -0.6440892957
  -2.0289587751   -2.3866922980   -0.6440892957
  -2.0289587751    0.3807350899   -1.6823863968
  -2.7314886291   -0.4565073875   -1.6823863968
  -2.7314886291   -1.5494498205   -1.6823863968
  -2.0289587751   -2.3866922980   -1.6823863968
  -0.9249234396   -0.0638300535   -2.5223863968
  -2.0289587751   -0.4225528793   -2.5223863968
  -2.0289587751   -1.5834043287   -2.5223863968
  -1.2300713014   -1.0029786040   -2.8432378462
   1.6864576424    1.7770567220   -0.4738946544
   2.3121750223    0.0487906036   -1.5238946544
   2.4529696625   -0.1181748803    1.3175886239
   1.7706383004   -1.0573234309    1.3175886239
   3.0632653861   -0.1181748803    0.4775886239
   2.6894570585    0.9088550589    0.4775886239
   1.7429411466   -1.6916760361    0.4775886239
   2.6894570585   -1.1452048196    0.4775886239
   3.0632653861   -0.1181748803   -0.5607084772
   2.6894570585    0.9088550589   -0.5607084772
   2.4529696625   -0.1181748803   -1.4007084772
   1.8112331062    1.7362617650   -0.8022369562
   2.1850414338    0.7092318257   -1.8405340573
   1.8112331062    1.7362617650   -1.8405340573
   0.8647171944    2.2827329815   -1.8405340573
  -0.2116209873    2.0929455197   -1.8405340573
  -0.9141508413    1.2557030422   -1.8405340573
   1.5747457103    0.7092318257   -2.6805340573
   0.8924143482    1.6483803763   -2.6805340573
  -0.2116209873    1.2896575505   -2.6805340573
  -0.2116209873    0.1288061010   -2.6805340573
   0.5872664864    0.7092318257   -3.0013855067
  -0.4956008895    1.0727304159    3.4677598567
   0.4955492003    1.0727304159    3.2706078459
  -0.0000258446    1.9310915726    3.2706078459
  -0.9911759344    1.9310915726    3.2706078459
  -1.4867509793    1.0727304159    3.2706078459
  -0.9911759344    0.2143692591    3.2706078459
  -0.0000258446    0.2143692591    3.2706078459
   1.3358056738    1.0727304159    2.7091664200
   1.0450763519    2.0628635573    2.7091664200
   0.2651928918    2.7386364223    2.7091664200
  -0.7562372184    2.8854959010    2.7091664200
  -1.6949171357    2.4568151465    2.7091664200
  -2.2528226188    1.5886972695    2.7091664200
  -2.2528226188    0.5567635622    2.7091664200
  -1.6949171357   -0.3113543148    2.7091664200
  -0.7562372184   -0.7400350693    2.7091664200
   0.2651928918   -0.5931755906    2.7091664200
   1.0450763519    0.0825972744    2.7091664200
   1.8972470997    1.0727304159    1.8689099466
   1.6602806544    2.1109482486    1.8689099466
   0.9963154292    2.9435343066    1.8689099466
   0.0368578799    3.4055847101    1.8689099466
  -1.0280596589    3.4055847101    1.8689099466
  -1.9875172082    2.9435343066    1.8689099466
  -2.6514824334    2.1109482486    1.8689099466
  -2.8884488787    1.0727304159    1.8689099466
  -2.6514824334    0.0345125832    1.8689099466
  -1.9875172082   -0.7980734749    1.8689099466
  -1.0280596589   -1.2601238784    1.8689099466
   0.0368578799   -1.2601238784    1.8689099466
   0.9963154292   -0.7980734749    1.8689099466
   1.6602806544    0.0345125832    1.8689099466
   1.8972470997    2.0638805057    0.8777598567
   1.3358056738    2.9041369791    0.8777598567
   0.4955492003    3.4655784051    0.8777598567
  -0.4956008895    3.6627304159    0.8777598567
  -1.4867509793    3.4655784051    0.8777598567
  -2.3270074528    2.9041369791    0.8777598567
  -2.8884488787    2.0638805057    0.8777598567
  -3.0856008895    1.0727304159    0.8777598567
  -2.8884488787    0.0815803260    0.8777598567
  -2.3270074528   -0.7586761474    0.8777598567
   1.6602806544    2.1109482486   -0.1133902331
   0.9963154292    2.9435343066   -0.1133902331
   0.0368578799    3.4055847101   -0.1133902331
  -1.0280596589    3.4055847101   -0.1133902331
  -1.9875172082    2.9435343066   -0.1133902331
  -2.6514824334    2.1109482486   -0.1133902331
  -2.8884488787    1.0727304159   -0.1133902331
  -2.6514824334    0.0345125832   -0.1133902331
   0.2651928918    2.7386364223   -0.9536467065
  -0.7562372184    2.8854959010   -0.9536467065
  -1.6949171357    2.4568151465   -0.9536467065
  -2.2528226188    1.5886972695   -0.9536467065
  -2.2528226188    0.5567635622   -0.9536467065
  -0.9911759344    1.9310915726   -1.5150881325
  -1.4867509793    1.0727304159   -1.5150881325
   2.3811212254   -1.6885541537    0.6267745016
   3.3193190043   -4.4197149743   -1.0015005399
   3.9685720120   -3.6055774536   -1.0015005399
   4.2002877277   -2.5903645706   -2.0696010229
   1.3398002515   -4.8715272121   -2.0696010229
   2.6399436235   -0.8835351352   -3.0319263058
   2.3811212254   -1.6885541537   -3.6978760643
   4.1909187217   -3.2040913014   -2.3307109698
   1.3109187217   -4.8668600767   -2.3307109698
   2.2709187217   -5.1240913014   -2.3307109698
   3.2309187217   -4.8668600767   -2.3307109698
   3.9336874970   -4.1640913014   -2.3307109698
   3.9336874970   -3.2040913014   -3.2907109698
   3.6161269186   -2.2267403373   -3.2907109698
   0.9257105248   -4.1814422655   -3.2907109698
   1.7570949124   -4.7854783802   -3.2907109698
   2.7847425310   -4.7854783802   -3.2907109698
   3.6161269186   -4.1814422655   -3.2907109698
   3.2309187217   -3.2040913014   -3.9934797450
   2.7509187217   -2.3727069138   -3.9934797450
   1.7909187217   -2.3727069138   -3.9934797450
   1.3109187217   -3.2040913014   -3.9934797450
   1.7909187217   -4.0354756890   -3.9934797450
   2.7509187217   -4.0354756890   -3.9934797450
   2.2709187217   -3.2040913014   -4.2507109698
   3.5407254185   -1.8047849486    0.3323192414
   4.2434941937   -1.8047849486   -0.3704495339
   3.9259336154   -0.8274339845   -0.3704495339
   4.5007254185   -1.8047849486   -1.3304495339
   4.2434941937   -0.8447849486   -1.3304495339
   3.5407254185   -0.1420161733   -1.3304495339
   4.2434941937   -1.8047849486   -2.2904495339
   3.9259336154   -0.8274339845   -2.2904495339
   3.0945492277   -0.2233978698   -2.2904495339
   2.0669016092   -0.2233978698   -2.2904495339
   3.0607254185   -0.9734005610   -2.9932183091
   1.7829287617   -3.2097693454    1.2734556565
   2.7429287617   -3.2097693454    1.0162244318
   2.2629287617   -2.3783849577    1.0162244318
   1.3029287617   -2.3783849577    1.0162244318
   0.8229287617   -3.2097693454    1.0162244318
   1.3029287617   -4.0411537330    1.0162244318
   2.2629287617   -4.0411537330    1.0162244318
   3.4456975370   -3.2097693454    0.3134556565
   0.4377205648   -4.1871203095    0.3134556565
   1.2691049524   -4.7911564242    0.3134556565
   2.2967525710   -4.7911564242    0.3134556565
   3.1281369586   -4.1871203095    0.3134556565
   0.1201599864   -4.1697693454   -0.6465443435
   0.8229287617   -4.8725381206   -0.6465443435
   1.7829287617   -5.1297693454   -0.6465443435
   2.7429287617   -4.8725381206   -0.6465443435
   3.4456975370   -4.1697693454   -0.6465443435
  -1.3064546817   -1.5028255051   -3.4333383077
   1.0145941588   -2.9332776401   -4.0992880662
  -0.6307864671   -3.6874602104   -0.5648841992
  -1.4959946640   -3.8334267868   -1.2676529744
  -0.6646102764   -4.4374629016   -1.2676529744
  -2.0707864671   -2.8560758228   -2.2276529744
  -1.8135552424   -3.8160758228   -2.2276529744
  -1.1107864671   -4.5188445980   -2.2276529744
  -0.1507864671   -4.7760758228   -2.2276529744
  -1.8135552424   -2.8560758228   -3.1876529744
  -1.4959946640   -3.8334267868   -3.1876529744
  -0.6646102764   -4.4374629016   -3.1876529744
   0.3630373422   -4.4374629016   -3.1876529744
  -1.1107864671   -2.8560758228   -3.8904217497
  -0.6307864671   -3.6874602104   -3.8904217497
   0.3292135329   -3.6874602104   -3.8904217497
  -0.1507864671   -2.8560758228   -4.1476529744
   2.2628381970   -0.4452241412   -2.8200784129
   2.2628381970   -1.4052241412   -3.7800784129
   1.9452776187   -0.4278731771   -3.7800784129
   1.1138932310    0.1761629376   -3.7800784129
   0.0862456125    0.1761629376   -3.7800784129
  -0.7451387751   -0.4278731771   -3.7800784129
  -1.0626993535   -1.4052241412   -3.7800784129
   1.5600694218   -1.4052241412   -4.4828471881
   1.0800694218   -0.5738397535   -4.4828471881
   0.1200694218   -0.5738397535   -4.4828471881
  -0.3599305782   -1.4052241412   -4.4828471881
   0.1200694218   -2.2366085288   -4.4828471881
   1.0800694218   -2.2366085288   -4.4828471881
   0.6000694218   -1.4052241412   -4.7400784129
  -0.3242338325   -1.8586955749    1.9753649886
   0.6357661675   -1.8586955749    1.7181337639
  -1.2842338325   -1.8586955749    1.7181337639
  -0.8042338325   -2.6900799626    1.7181337639
   0.1557661675   -2.6900799626    1.7181337639
   1.3385349428   -1.8586955749    1.0153649886
  -1.9870026078   -1.8586955749    1.0153649886
  -1.6694420294   -2.8360465390    1.0153649886
  -0.8380576418   -3.4400826537    1.0153649886
   0.1895899768   -3.4400826537    1.0153649886
  -1.9870026078   -2.8186955749    0.0553649886
  -1.2842338325   -3.5214643502    0.0553649886
  -0.3242338325   -3.7786955749    0.0553649886
  -2.8928400767   -1.0029786040   -0.2032378462
  -2.5752794983   -1.9803295681   -0.2032378462
  -2.8928400767   -0.0429786040   -1.1632378462
  -3.1500713014   -1.0029786040   -1.1632378462
  -2.8928400767   -1.9629786040   -1.1632378462
  -2.1900713014   -2.6657473793   -1.1632378462
  -1.7438951107    0.5784084748   -2.1232378462
  -2.5752794983   -0.0256276399   -2.1232378462
  -2.8928400767   -1.0029786040   -2.1232378462
  -2.5752794983   -1.9803295681   -2.1232378462
  -1.7100713014   -0.1715942164   -2.8260066215
  -2.1900713014   -1.0029786040   -2.8260066215
   2.3699172322    0.0487906036   -1.9702701789
   2.4254904387   -0.1181748803    1.6212088486
   1.9454904387   -0.9495592680    1.6212088486
   3.1282592139   -0.1181748803    0.9184400733
   2.8106986356    0.8591760838    0.9184400733
   1.9793142480   -1.6995619591    0.9184400733
   2.8106986356   -1.0955258444    0.9184400733
   3.3854904387   -0.1181748803   -0.0415599267
   3.1282592139    0.8418251197   -0.0415599267
   2.4254904387    1.5445938949   -0.0415599267
   2.8106986356    0.8591760838   -1.0015599267
   2.2500352617    1.6692318257   -1.3213855067
   1.5472664864    2.3720006010   -1.3213855067
   2.2500352617    0.7092318257   -2.2813855067
   1.9324746833    1.6865827898   -2.2813855067
   1.1010902957    2.2906189045   -2.2813855067
   0.0734426772    2.2906189045   -2.2813855067
  -0.7579417105    1.6865827898   -2.2813855067
  -1.0755022888    0.7092318257   -2.2813855067
   1.5472664864    0.7092318257   -2.9841542820
   1.0672664864    1.5406162134   -2.9841542820
   0.1072664864    1.5406162134   -2.9841542820
  -0.3727335136    0.7092318257   -2.9841542820
   0.5872664864    0.7092318257   -3.2413855067
  -0.4956008895    1.0727304159    3.8377598567
   0.5167787348    1.0727304159    3.6592500143
   0.0105889226    1.9494768887    3.6592500143
  -1.0017907016    1.9494768887    3.6592500143
  -1.5079805137    1.0727304159    3.6592500143
  -1.0017907016    0.1959839430    3.6592500143
   0.0105889226    0.1959839430    3.6592500143
   1.4070504352    1.0727304159    3.1452514084
   1.1050112591    2.1013813834    3.1452514084
   0.2947890353    2.8034429368    3.1452514084
  -0.7663764051    2.9560154934    3.1452514084
  -1.7415725324    2.5106583446    3.1452514084
  -2.3211814668    1.6087692383    3.1452514084
  -2.3211814668    0.5366915934    3.1452514084
  -1.7415725324   -0.3651975129    3.1452514084
  -0.7663764051   -0.8105546617    3.1452514084
   0.2947890353   -0.6579821051    3.1452514084
   1.1050112591    0.0440794484    3.1452514084
   2.0678343057    1.0727304159    2.3577598567
   1.8462136890    2.1153734419    2.3577598567
   1.2196720570    2.9777340166    2.3577598567
   0.2965441498    3.5107021624    2.3577598567
  -0.7635528311    3.6221228448    2.3577598567
  -1.7773184871    3.2927304159    2.3577598567
  -2.5694635264    2.5794798188    2.3577598567
  -3.0030188753    1.6056985616    2.3577598567
  -3.0030188753    0.5397622701    2.3577598567
  -2.5694635264   -0.4340189871    2.3577598567
  -1.7773184871   -1.1472695841    2.3577598567
  -0.7635528311   -1.4766620131    2.3577598567
   0.2965441498   -1.3652413306    2.3577598567
   1.2196720570   -0.8322731849    2.3577598567
   1.8462136890    0.0300873898    2.3577598567
   2.4194300594    1.0727304159    1.3917584626
   2.2225845182    2.1257610528    1.3917584626
   1.6586329757    3.0365740672    1.3917584626
   0.8037402127    3.6821591145    1.3917584626
  -0.2266357660    3.9753263567    1.3917584626
  -1.2933369751    3.8764819332    1.3917584626
  -2.2522995054    3.3989753311    1.3917584626
  -2.9740101534    2.6072964631    1.3917584626
  -3.3609978970    1.6083659471    1.3917584626
  -3.3609978970    0.5370948846    1.3917584626
  -2.9740101534   -0.4618356314    1.3917584626
  -2.2522995054   -1.2535144994    1.3917584626
   2.2225845182    2.1257610528    0.3637612508
   1.6586329757    3.0365740672    0.3637612508
   0.8037402127    3.6821591145    0.3637612508
  -0.2266357660    3.9753263567    0.3637612508
  -1.2933369751    3.8764819332    0.3637612508
  -2.2522995054    3.3989753311    0.3637612508
  -2.9740101534    2.6072964631    0.3637612508
  -3.3609978970    1.6083659471    0.3637612508
  -3.3609978970    0.5370948846    0.3637612508
  -2.9740101534   -0.4618356314    0.3637612508
   1.8462136890    2.1153734419   -0.6022401433
   1.2196720570    2.9777340166   -0.6022401433
   0.2965441498    3.5107021624   -0.6022401433
  -0.7635528311    3.6221228448   -0.6022401433
  -1.7773184871    3.2927304159   -0.6022401433
  -2.5694635264    2.5794798188   -0.6022401433
  -3.0030188753    1.6056985616   -0.6022401433
  -3.0030188753    0.5397622701   -0.6022401433
   0.2947890353    2.8034429368   -1.3897316949
  -0.7663764051    2.9560154934   -1.3897316949
  -1.7415725324    2.5106583446   -1.3897316949
  -2.3211814668    1.6087692383   -1.3897316949
  -1.0017907016    1.9494768887   -1.9037303008
  -1.5079805137    1.0727304159   -1.9037303008
   3.7696490476   -2.5903645706    0.3736375278
   4.1079048189   -3.6726765970   -0.5023055140
   0.8272154710   -5.0848393084   -1.5355507814
   1.8604607384   -5.2903645706   -1.5355507814
   4.3549354762   -3.6236098380   -1.5355507814
   4.3549354762   -2.5903645706   -2.5687960488
   3.4665721484   -1.5581794424   -3.4447390906
   2.6535662247   -0.8537057994   -3.4447390906
   2.3770833721   -1.6955479207   -4.0300255192
   4.4309187217   -3.2040913014   -2.3307109698
   1.5049721657   -5.2237263856   -2.3307109698
   2.5312779511   -5.3483424694   -2.3307109698
   3.4979385747   -4.9817364517   -2.3307109698
   4.1835037371   -4.2078933530   -2.3307109698
   4.1415335939   -3.2040913014   -3.4107109698
   3.8445800915   -2.1927605478   -3.4107109698
   1.0459264936   -4.6178076948   -3.4107109698
   2.0047024687   -5.0556660114   -3.4107109698
   3.0480002232   -4.9056624401   -3.4107109698
   3.8445800915   -4.2154220550   -3.4107109698
   3.3509187217   -3.2040913014   -4.2013258419
   2.8109187217   -2.2687838653   -4.2013258419
   1.7309187217   -4.1393987375   -4.2013258419
   2.8109187217   -4.1393987375   -4.2013258419
   2.2709187217   -3.2040913014   -4.4907109698
   3.6607254185   -1.8047849486    0.5401653383
   4.4513402906   -1.8047849486   -0.2504495339
   4.1543867882   -0.7934541950   -0.2504495339
   4.7407254185   -1.8047849486   -1.3304495339
   4.4933104339   -0.8009828970   -1.3304495339
   3.8077452714   -0.0271397983   -1.3304495339
   4.4513402906   -1.8047849486   -2.4104495339
   4.1543867882   -0.7934541950   -2.4104495339
   3.3578069199   -0.1032138099   -2.4104495339
   3.1207254185   -0.8694775125   -3.2010644060
   1.7829287617   -3.2097693454    1.5134556565
   2.8629287617   -3.2097693454    1.2240705287
   2.3229287617   -2.2744619093    1.2240705287
   1.2429287617   -4.1450767815    1.2240705287
   2.3229287617   -4.1450767815    1.2240705287
   3.6535436339   -3.2097693454    0.4334556565
   0.5579365336   -4.6234857388    0.4334556565
   1.5167125087   -5.0613440554    0.4334556565
   2.5600102632   -4.9113404841    0.4334556565
   3.3565901315   -4.2211000990    0.4334556565
   0.1661455457   -4.6421142872   -0.6465443435
   1.0169822057   -5.2294044296   -0.6465443435
   2.0432879911   -5.3540205134   -0.6465443435
   3.0099486147   -4.9874144957   -0.6465443435
  -1.3379190961   -1.4935867194   -3.8461510924
  -0.0226889618   -2.9262838731   -4.4314375210
   1.0105563056   -2.9262838731   -4.4314375210
  -1.9456282933   -3.3830889336   -1.1476529744
  -1.3757786952   -4.2697922162   -1.1476529744
  -0.4170027201   -4.7076505327   -1.1476529744
  -2.2480207927   -3.3729976576   -2.2276529744
  -1.7675696832   -4.2884207646   -2.2276529744
  -0.9167330231   -4.8757109070   -2.2276529744
   0.1095727622   -5.0003269908   -2.2276529744
  -1.9456282933   -2.3290627120   -3.3076529744
  -1.9456282933   -3.3830889336   -3.3076529744
  -1.3757786952   -4.2697922162   -3.3076529744
  -0.4170027201   -4.7076505327   -3.3076529744
   0.6262950343   -4.5576469615   -3.3076529744
  -1.2307864671   -2.8560758228   -4.0982678466
  -0.6907864671   -3.7913832589   -4.0982678466
   0.3892135329   -3.7913832589   -4.0982678466
   2.4706842939   -1.4052241412   -3.9000784129
   2.1737307915   -0.3938933875   -3.9000784129
   1.3771509232    0.2963469975   -3.9000784129
   0.3338531688    0.4463505688   -3.9000784129
  -0.6249228064    0.0084922523   -3.9000784129
  -1.1947724044   -0.8782110304   -3.9000784129
   1.6800694218   -1.4052241412   -4.6906932850
   1.1400694218   -0.4699167051   -4.6906932850
   0.0600694218   -0.4699167051   -4.6906932850
  -0.4799305782   -1.4052241412   -4.6906932850
   0.0600694218   -2.3405315773   -4.6906932850
   1.1400694218   -2.3405315773   -4.6906932850
   0.6000694218   -1.4052241412   -4.9800784129
  -2.4728302599   -2.3252803937    0.2002740400
  -2.1345744886   -3.1521566765   -0.8329712274
   0.7557661675   -1.8586955749    1.9259798608
  -0.8642338325   -2.7940030110    1.9259798608
   0.2157661675   -2.7940030110    1.9259798608
  -2.1190756587   -2.3857086857    1.1353649886
  -1.5492260606   -3.2724119684    1.1353649886
  -0.5904500855   -3.7102702849    1.1353649886
   0.4528476690   -3.5602667136    1.1353649886
  -1.9410170485   -3.2910405167    0.0553649886
  -1.0901803885   -3.8783306591    0.0553649886
  -3.0249131276   -1.5299917148   -0.0832378462
  -3.3273056270   -0.4860567692   -1.1632378462
  -3.3273056270   -1.5199004389   -1.1632378462
  -2.8468545174   -2.4353235458   -1.1632378462
  -2.4550635295    0.4107377894   -2.2432378462
  -3.0249131276   -0.4759654932   -2.2432378462
  -3.0249131276   -1.5299917148   -2.2432378462
  -2.4550635295   -2.4166949974   -2.2432378462
  -1.7700713014   -0.0676711679   -3.0338527184
  -2.3100713014   -1.0029786040   -3.0338527184
   2.7409657548    1.1311026300   -1.5071399218
   2.5454904387   -0.1181748803    1.8290549455
   2.0054904387   -1.0534823164    1.8290549455
   3.3361053109   -0.1181748803    1.0384400733
   3.0391518085    0.8931558733    1.0384400733
   2.2425719401   -1.8197460190    1.0384400733
   3.0391518085   -1.1295056340    1.0384400733
   3.6254904387   -0.1181748803   -0.0415599267
   3.3780754541    0.8856271713   -0.0415599267
   2.6925102916    1.6594702700   -0.0415599267
   3.0391518085    0.8931558733   -1.1215599267
   2.4998515018    1.7130338773   -1.3213855067
   1.8142863394    2.4868769761   -1.3213855067
   2.4578813586    0.7092318257   -2.4013855067
   2.1609278562    1.7205625794   -2.4013855067
   1.3643479879    2.4108029645   -2.4013855067
   0.3210502334    2.5608065357   -2.4013855067
  -0.6377257417    2.1229482192   -2.4013855067
  -1.2075753398    1.2362449365   -2.4013855067
   1.6672664864    0.7092318257   -3.1920003789
   1.1272664864    1.6445392618   -3.1920003789
   0.0472664864    1.6445392618   -3.1920003789
  -0.4927335136    0.7092318257   -3.1920003789
   0.5872664864    0.7092318257   -3.4813855067
  -0.4956008895    1.0727304159    4.2077598567
   0.5334257018    1.0727304159    4.0447780560
   0.0189124061    1.9638935851    4.0447780560
  -1.0101141851    1.9638935851    4.0447780560
  -1.5246274808    1.0727304159    4.0447780560
  -1.0101141851    0.1815672466    4.0447780560
   0.0189124061    0.1815672466    4.0447780560
   1.4617240006    1.0727304159    3.5717864480
   1.1510055892    2.1309401445    3.5717864480
   0.3175012552    2.8531757612    3.5717864480
  -0.7741572647    3.0101325608    3.5717864480
  -1.7773761036    2.5519778684    3.5717864480
  -2.3736403687    1.6241725617    3.5717864480
  -2.3736403687    0.5212882700    3.5717864480
  -1.7773761036   -0.4065170367    3.5717864480
  -0.7741572647   -0.8646717291    3.5717864480
   0.3175012552   -0.7077149295    3.5717864480
   1.1510055892    0.0145206872    3.5717864480
   2.1984257018    1.0727304159    2.8350847469
   1.9933551382    2.1036897587    2.8350847469
   1.4093635819    2.9776948872    2.8350847469
   0.5353584533    3.5616864436    2.8350847469
  -0.4956008895    3.7667570071    2.8350847469
  -1.5265602323    3.5616864436    2.8350847469
  -2.4005653609    2.9776948872    2.8350847469
  -2.9845569172    2.1036897587    2.8350847469
  -3.1896274808    1.0727304159    2.8350847469
  -2.9845569172    0.0417710730    2.8350847469
  -2.4005653609   -0.8322340555    2.8350847469
  -1.5265602323   -1.4162256119    2.8350847469
  -0.4956008895   -1.6212961754    2.8350847469
   0.5353584533   -1.4162256119    2.8350847469
   1.4093635819   -0.8322340555    2.8350847469
   1.9933551382    0.0417710730    2.8350847469
   2.6714173098    1.0727304159    1.9067864480
   2.4998195282    2.1010595441    1.9067864480
   2.0036214655    3.0179532552    1.9067864480
   1.2365938813    3.7240518883    1.9067864480
   0.2818561159    4.1428387005    1.9067864480
  -0.7571311795    4.2289316423    1.9067864480
  -1.7677776099    3.9730012078    1.9067864480
  -2.6405639529    3.4027814306    1.9067864480
  -3.2809102653    2.5800644715    1.9067864480
  -3.6194250884    1.5940044788    1.9067864480
  -3.6194250884    0.5514563529    1.9067864480
  -3.2809102653   -0.4346036398    1.9067864480
  -2.6405639529   -1.2573205989    1.9067864480
  -1.7677776099   -1.8275403761    1.9067864480
   1.2365938813   -1.5785910566    1.9067864480
   2.4998195282    0.0444012876    1.9067864480
   2.6714173098    2.1017570071    0.8777598567
   2.1984257018    3.0300553060    0.8777598567
   1.4617240006    3.7667570071    0.8777598567
   0.5334257018    4.2397486151    0.8777598567
  -0.4956008895    4.4027304159    0.8777598567
  -1.5246274808    4.2397486151    0.8777598567
  -2.4529257796    3.7667570071    0.8777598567
  -3.1896274808    3.0300553060    0.8777598567
  -3.6626190888    2.1017570071    0.8777598567
  -3.8256008895    1.0727304159    0.8777598567
  -3.6626190888    0.0437038246    0.8777598567
  -3.1896274808   -0.8845944743    0.8777598567
  -2.4529257796   -1.6212961754    0.8777598567
   2.4998195282    2.1010595441   -0.1512667345
   2.0036214655    3.0179532552   -0.1512667345
   1.2365938813    3.7240518883   -0.1512667345
   0.2818561159    4.1428387005   -0.1512667345
  -0.7571311795    4.2289316423   -0.1512667345
  -1.7677776099    3.9730012078   -0.1512667345
  -2.6405639529    3.4027814306   -0.1512667345
  -3.2809102653    2.5800644715   -0.1512667345
  -3.6194250884    1.5940044788   -0.1512667345
  -3.6194250884    0.5514563529   -0.1512667345
  -3.2809102653   -0.4346036398   -0.1512667345
   1.4093635819    2.9776948872   -1.0795650334
   0.5353584533    3.5616864436   -1.0795650334
  -0.4956008895    3.7667570071   -1.0795650334
  -1.5265602323    3.5616864436   -1.0795650334
  -2.4005653609    2.9776948872   -1.0795650334
  -2.9845569172    2.1036897587   -1.0795650334
  -3.1896274808    1.0727304159   -1.0795650334
   0.3175012552    2.8531757612   -1.8162667345
  -0.7741572647    3.0101325608   -1.8162667345
  -1.7773761036    2.5519778684   -1.8162667345
  -2.3736403687    1.6241725617   -1.8162667345
  -1.0101141851    1.9638935851   -2.2892583425
  -1.5246274808    1.0727304159   -2.2892583425
   3.7888235675   -2.5903645706    0.7625825480
   4.4585369498   -2.5903645706   -0.0355507814
   4.2339214599   -3.6470973673   -0.0355507814
   0.0800229520   -4.9480452280   -1.0146062484
   3.1773605042   -5.2350558192   -1.0146062484
   4.0438058721   -4.5807466497   -1.0146062484
   4.6153783814   -3.6576253513   -1.0146062484
   4.8148839975   -2.5903645706   -2.0564953144
   1.0519444354   -5.4320046219   -2.0564953144
   4.6153783814   -3.6576253513   -2.0564953144
   3.4827027810   -1.5478129143   -3.8336841107
   2.7915792087   -5.4852539429   -1.7966607283
   3.7297769876   -5.0334417051   -1.7966607283
   4.3790299953   -4.2193041844   -1.7966607283
   4.6107457110   -3.2040913014   -2.8647612113
   1.7502582348   -5.4852539429   -2.8647612113
   2.7915792087   -5.4852539429   -2.8647612113
   3.7297769876   -5.0334417051   -2.8647612113
   4.3790299953   -4.2193041844   -2.8647612113
   4.1473142796   -3.2040913014   -3.8270864942
   3.8494431138   -2.1896352731   -3.8270864942
   1.0421409495   -4.6221764456   -3.8270864942
   2.0038797914   -5.0613878581   -3.8270864942
   3.0504016068   -4.9109207368   -3.8270864942
   3.8494431138   -4.2185473297   -3.8270864942
   3.3122396956   -3.2040913014   -4.4930362527
   2.7915792087   -2.3022808845   -4.4930362527
   1.7502582348   -4.1059017183   -4.4930362527
   2.7915792087   -4.1059017183   -4.4930362527
   2.2709187217   -3.2040913014   -4.7307109698
   3.6220463923   -1.8047849486    0.8318757491
   4.4571209764   -1.8047849486    0.1659259906
   4.1592498105   -0.7903289203    0.1659259906
   4.9205524077   -1.8047849486   -0.7963992924
   4.6888366920   -0.7895720656   -0.7963992924
   4.0395836844    0.0245654551   -0.7963992924
   4.9205524077   -1.8047849486   -1.8644997754
   4.6888366920   -0.7895720656   -1.8644997754
   4.0395836844    0.0245654551   -1.8644997754
   4.4571209764   -1.8047849486   -2.8268250583
   4.1592498105   -0.7903289203   -2.8268250583
   3.3602083035   -0.0979555132   -2.8268250583
   1.7829287617   -3.2097693454    1.7534556565
   2.8242497356   -3.2097693454    1.5157809395
   2.3035892487   -2.3079589285    1.5157809395
   1.2622682748   -4.1115797623    1.5157809395
   2.3035892487   -4.1115797623    1.5157809395
   3.6593243196   -3.2097693454    0.8498311810
   0.5541509895   -4.6278544896    0.8498311810
   1.5158898313   -5.0670659021    0.8498311810
   2.5624116468   -4.9165987808    0.8498311810
   3.3614531538   -4.2242253737    0.8498311810
   0.3240704958   -5.0391197491   -0.1124941020
   1.2622682748   -5.4909319869   -0.1124941020
   2.3035892487   -5.4909319869   -0.1124941020
   3.2417870276   -5.0391197491   -0.1124941020
  -2.0473683408   -1.4912968053   -3.4369627832
  -1.3563169132   -1.4881846329   -4.2350961125
  -0.0190965431   -2.9200616214   -4.7560406455
   1.0069638868   -2.9200616214   -4.7560406455
  -1.3795642393   -4.2741609670   -0.7312774500
  -0.4178253975   -4.7133723794   -0.7312774500
  -2.2588977407   -3.8712887057   -1.6936027329
  -1.6096447330   -4.6854262265   -1.6936027329
  -0.6714469540   -5.1372384642   -1.6936027329
  -2.4906134563   -2.8560758228   -2.7617032159
  -2.2588977407   -3.8712887057   -2.7617032159
  -1.6096447330   -4.6854262265   -2.7617032159
  -0.6714469540   -5.1372384642   -2.7617032159
   0.3698740198   -5.1372384642   -2.7617032159
  -1.9511748207   -2.3274341046   -3.7240284989
  -1.9511748207   -3.3847175409   -3.7240284989
  -1.3795642393   -4.2741609670   -3.7240284989
  -0.4178253975   -4.7133723794   -3.7240284989
   0.6286964180   -4.5629052582   -3.7240284989
  -1.1921074410   -2.8560758228   -4.3899782574
  -0.6714469540   -3.7578862396   -4.3899782574
   0.3698740198   -3.7578862396   -4.3899782574
   2.0589276877    0.4241262625   -3.3541286543
  -0.8587888441    0.4241262625   -3.3541286543
   2.4764649797   -1.4052241412   -4.3164539373
   2.1785938139   -0.3907681129   -4.3164539373
   1.3795523069    0.3016052943   -4.3164539373
   0.3330304914    0.4520724155   -4.3164539373
  -0.6287083505    0.0128610030   -4.3164539373
  -1.2003189318   -0.8765824230   -4.3164539373
   1.6413903956   -1.4052241412   -4.9824036958
   1.1207299087   -0.5034137243   -4.9824036958
   0.0794089348   -0.5034137243   -4.9824036958
  -0.4412515521   -1.4052241412   -4.9824036958
   0.0794089348   -2.3070345581   -4.9824036958
   1.1207299087   -2.3070345581   -4.9824036958
   0.6000694218   -1.4052241412   -5.2200784129
  -2.7372874604   -2.7982717936   -0.3120266944
  -2.0058239658   -3.6006490247   -0.3120266944
  -0.8448943194   -2.7605059918    2.2176902716
   0.1964266545   -2.7605059918    2.2176902716
  -2.1246221860   -2.3873372931    1.5517405131
  -1.5530116047   -3.2767807191    1.5517405131
  -0.5912727628   -3.7159921316    1.5517405131
   0.4552490526   -3.5655250104    1.5517405131
  -2.4323451061   -2.8739084579    0.5894152301
  -1.7830920984   -3.6880459786    0.5894152301
  -0.8448943194   -4.1398582164    0.5894152301
  -3.5698982906   -1.0029786040   -0.6291876048
  -3.3381825750   -2.0181914870   -0.6291876048
  -3.3381825750    0.0122342790   -1.6972880877
  -3.5698982906   -1.0029786040   -1.6972880877
  -3.3381825750   -2.0181914870   -1.6972880877
  -2.6889295673   -2.8323290077   -1.6972880877
  -2.4588490736    0.4151065402   -2.6596133707
  -3.0304596549   -0.4743368858   -2.6596133707
  -3.0304596549   -1.5316203222   -2.6596133707
  -1.7507317883   -0.1011681871   -3.3255631292
  -2.2713922753   -1.0029786040   -3.3255631292
   2.6768668080    2.0391726827   -0.9948391874
   2.8669823958    1.1055234003   -1.9738946544
   3.3418859966   -0.1181748803    1.4548155978
   2.2449733238   -1.8250043157    1.4548155978
   3.0440148308   -1.1326309086    1.4548155978
   3.8053174279   -0.1181748803    0.4924903148
   3.5736017123    0.8970380027    0.4924903148
   3.5736017123    0.8970380027   -0.5756101682
   2.6953777600    1.7244447087   -1.8554357482
   2.0461247523    2.5385822294   -1.8554357482
   1.1079269734    2.9903944672   -1.8554357482
   2.4636620443    0.7092318257   -2.8177610312
   2.1657908785    1.7236878540   -2.8177610312
   1.3667493715    2.4160612612   -2.8177610312
   0.3202275561    2.5665283824   -2.8177610312
  -0.6415112858    2.1273169700   -2.8177610312
  -1.2131218671    1.2378735439   -2.8177610312
   1.6285874603    0.7092318257   -3.4837107897
   1.1079269734    1.6110422426   -3.4837107897
   0.0666059995    1.6110422426   -3.4837107897
  -0.4540544875    0.7092318257   -3.4837107897
  -0.4956008895    1.0727304159    4.5777598567
   0.5468095708    1.0727304159    4.4278838591
   0.0256043407    1.9754843557    4.4278838591
  -1.0168061196    1.9754843557    4.4278838591
  -1.5380113498    1.0727304159    4.4278838591
  -1.0168061196    0.1699764761    4.4278838591
   0.0256043407    0.1699764761    4.4278838591
   1.5047701351    1.0727304159    3.9903979282
   1.2367712348    2.0729159282    3.9903979282
   0.5045846228    2.8051025401    3.9903979282
  -0.4956008895    3.0731014404    3.9903979282
  -1.4957864018    2.8051025401    3.9903979282
  -2.2279730138    2.0729159282    3.9903979282
  -2.4959719141    1.0727304159    3.9903979282
  -2.2279730138    0.0725449036    3.9903979282
  -1.4957864018   -0.6596417084    3.9903979282
  -0.4956008895   -0.9276406087    3.9903979282
   0.5045846228   -0.6596417084    3.9903979282
   1.2367712348    0.0725449036    3.9903979282
   2.3006725356    1.0727304159    3.3007445723
   2.1118464252    2.0828608871    3.3007445723
   1.5708701067    2.9565676408    3.3007445723
   0.7508054293    3.5758517386    3.3007445723
  -0.2375933279    3.8570754315    3.3007445723
  -1.2608374361    3.7622579015    3.3007445723
  -2.1807321082    3.3042047813    3.3007445723
  -2.8730404717    2.5447786830    3.3007445723
  -3.2442624457    1.5865443094    3.3007445723
  -3.2442624457    0.5589165223    3.3007445723
  -2.8730404717   -0.3993178513    3.3007445723
  -2.1807321082   -1.1587439496    3.3007445723
  -1.2608374361   -1.6167970697    3.3007445723
  -0.2375933279   -1.7116145998    3.3007445723
   0.7508054293   -1.4303909069    3.3007445723
   1.5708701067   -0.8111068091    3.3007445723
   2.1118464252    0.0625999447    3.3007445723
   2.8700374933    1.0727304159    2.4147954048
   2.7053114260    2.1127698731    2.4147954048
   2.2272577591    3.0510030218    2.4147954048
   1.4826717165    3.7955890645    2.4147954048
   0.5444385677    4.2736427313    2.4147954048
  -0.4956008895    4.4383687987    2.4147954048
  -1.5356403467    4.2736427313    2.4147954048
  -2.4738734955    3.7955890645    2.4147954048
  -3.2184595381    3.0510030218    2.4147954048
  -3.6965132050    2.1127698731    2.4147954048
  -3.8612392723    1.0727304159    2.4147954048
  -3.6965132050    0.0326909586    2.4147954048
  -3.2184595381   -0.9055421901    2.4147954048
  -2.4738734955   -1.6501282328    2.4147954048
  -1.5356403467   -2.1281818996    2.4147954048
  -0.4956008895   -2.2929079670    2.4147954048
   0.5444385677   -2.1281818996    2.4147954048
   1.4826717165   -1.6501282328    2.4147954048
   2.2272577591   -0.9055421901    2.4147954048
   2.7053114260    0.0326909586    2.4147954048
   3.1667384455    1.0727304159    1.4043247583
   3.0183879694    2.1045306407    1.4043247583
   2.5853550145    3.0527405477    1.4043247583
   1.9027213354    3.8405418094    1.4043247583
   1.0257898530    4.4041114528    1.4043247583
   0.0256043407    4.6977924170    1.4043247583
  -1.0168061196    4.6977924170    1.4043247583
  -2.0169916319    4.4041114528    1.4043247583
  -2.8939231143    3.8405418094    1.4043247583
  -3.5765567935    3.0527405477    1.4043247583
  -4.0095897484    2.1045306407    1.4043247583
  -4.1579402245    1.0727304159    1.4043247583
  -4.0095897484    0.0409301910    1.4043247583
  -3.5765567935   -0.9072797160    1.4043247583
  -2.8939231143   -1.6950809777    1.4043247583
   3.0183879694    2.1045306407    0.3511949551
   2.5853550145    3.0527405477    0.3511949551
   1.9027213354    3.8405418094    0.3511949551
   1.0257898530    4.4041114528    0.3511949551
   0.0256043407    4.6977924170    0.3511949551
  -1.0168061196    4.6977924170    0.3511949551
  -2.0169916319    4.4041114528    0.3511949551
  -2.8939231143    3.8405418094    0.3511949551
  -3.5765567935    3.0527405477    0.3511949551
  -4.0095897484    2.1045306407    0.3511949551
  -4.1579402245    1.0727304159    0.3511949551
  -4.0095897484    0.0409301910    0.3511949551
  -3.5765567935   -0.9072797160    0.3511949551
   2.7053114260    2.1127698731   -0.6592756914
   2.2272577591    3.0510030218   -0.6592756914
   1.4826717165    3.7955890645   -0.6592756914
   0.5444385677    4.2736427313   -0.6592756914
  -0.4956008895    4.4383687987   -0.6592756914
  -1.5356403467    4.2736427313   -0.6592756914
  -2.4738734955    3.7955890645   -0.6592756914
  -3.2184595381    3.0510030218   -0.6592756914
  -3.6965132050    2.1127698731   -0.6592756914
  -3.8612392723    1.0727304159   -0.6592756914
  -3.6965132050    0.0326909586   -0.6592756914
   1.5708701067    2.9565676408   -1.5452248589
   0.7508054293    3.5758517386   -1.5452248589
  -0.2375933279    3.8570754315   -1.5452248589
  -1.2608374361    3.7622579015   -1.5452248589
  -2.1807321082    3.3042047813   -1.5452248589
  -2.8730404717    2.5447786830   -1.5452248589
  -3.2442624457    1.5865443094   -1.5452248589
  -3.2442624457    0.5589165223   -1.5452248589
  -0.4956008895    3.0731014404   -2.2348782147
  -1.4957864018    2.8051025401   -2.2348782147
  -2.2279730138    2.0729159282   -2.2348782147
  -2.4959719141    1.0727304159   -2.2348782147
  -1.0168061196    1.9754843557   -2.6723641456
  -1.5380113498    1.0727304159   -2.6723641456
