    0.0043608101
    0.0050325443
    0.0058729228
    0.0058488484
    0.0111172551
    0.0103746145
    0.0080264729
    0.0062594719
    0.0054361259
    0.0100893313
    0.0087521632
    0.0065161711
    0.0105540544
    0.0126398085
    0.0112065311
    0.0071954140
    0.0113324026
    0.0123099347
    0.0111000815
    0.0085683631
    0.0059706683
    0.0074564294
    0.0074164087
    0.0110114017
    0.0131251651
    0.0071375960
    0.0124218122
    0.0164369972
    0.0182100984
    0.0103210852
    0.0154248462
    0.0217399637
    0.0070240841
    0.0100208540
    0.0097716222
    0.0051524362
    0.0061788692
    0.0116921140
    0.0126840163
    0.0106053175
    0.0064609391
    0.0095619387
    0.0150464210
    0.0121893309
    0.0091473955
    0.0108464642
    0.0114825089
    0.0114941196
    0.0126147307
    0.0126626273
    0.0125910521
    0.0108403112
    0.0122056093
    0.0127841650
    0.0124580302
    0.0095955745
    0.0119755885
    0.0098868598
    0.0122872454
    0.0101618473
    0.0126103670
    0.0151462319
    0.0223505464
    0.0101640716
    0.0140129926
    0.0173404905
    0.0106234722
    0.0153143857
    0.0222299065
    0.0143414908
    0.0097996416
    0.0103679020
    0.0135475137
    0.0170437808
    0.0012725586
    0.0075137486
    0.0107907173
    0.0142576814
    0.0008620402
    0.0062173778
   -0.0011779279
    0.0071313821
    0.0115056011
    0.0126822545
    0.0162602724
   -0.0053039741
    0.0064748621
    0.0110946735
    0.0111650104
    0.0060321766
    0.0201629961
    0.0143730333
    0.0180138578
    0.0180779912
    0.0192200422
    0.0134404092
    0.0055623066
    0.0222398022
    0.0183619855
    0.0125178024
    0.0240151854
    0.0213773003
    0.0172993355
    0.0081671905
    0.0176235995
    0.0164006042
    0.0045780544
    0.0081364513
    0.0030449829
   -0.0164497062
   -0.0082434395
   -0.0109593644
   -0.0234682468
   -0.0220760216
   -0.0138563959
   -0.0069506266
   -0.0194807704
   -0.0231153607
   -0.0205833027
   -0.0225304722
   -0.0226398322
   -0.0144392404
    0.0061492965
   -0.0126656117
   -0.0222458157
   -0.0234836383
   -0.0211995921
   -0.0132994734
   -0.0170787763
   -0.0218457937
   -0.0222957361
   -0.0151417481
   -0.0135141300
   -0.0226370635
   -0.0234153624
   -0.0188544116
   -0.0140708253
   -0.0085007766
   -0.0137852578
   -0.0208092470
   -0.0224287865
   -0.0139561871
   -0.0110157307
   -0.0220026423
   -0.0231610358
   -0.0169567811
   -0.0099480378
   -0.0102351045
   -0.0156853389
   -0.0220744915
   -0.0213067164
   -0.0136452562
   -0.0087843009
   -0.0107228551
   -0.0188517414
   -0.0235802828
   -0.0197995862
   -0.0124360272
   -0.0170497296
   -0.0216736722
   -0.0227542797
   -0.0213446956
   -0.0234823590
   -0.0203819697
   -0.0229608790
    0.0042085720
    0.0046543529
    0.0050685319
    0.0057486551
    0.0076054384
    0.0072845240
    0.0094585490
    0.0106310826
    0.0054115559
    0.0070974766
    0.0079692501
    0.0061162388
    0.0076539828
    0.0095938985
    0.0097492852
    0.0080722996
    0.0059224245
    0.0080528933
    0.0093847636
    0.0103894497
    0.0102925475
    0.0089527187
    0.0071733966
    0.0101667294
    0.0101505569
    0.0096629231
    0.0063642291
    0.0073308146
    0.0083928642
    0.0075416807
    0.0105795601
    0.0125194076
    0.0125930693
    0.0086639214
    0.0119281353
    0.0151387774
    0.0127732016
    0.0166619061
    0.0058997581
    0.0077686645
    0.0079120449
    0.0057842205
    0.0059242825
    0.0090097126
    0.0097386748
    0.0088786001
    0.0065976665
    0.0078609118
    0.0107026171
    0.0112430869
    0.0105303553
    0.0089766649
    0.0113918509
    0.0125777602
    0.0096913383
    0.0099165945
    0.0116347175
    0.0103113761
    0.0103333249
    0.0099957854
    0.0102547073
    0.0106785844
    0.0104639470
    0.0093362074
    0.0081777703
    0.0101502300
    0.0101527019
    0.0089364222
    0.0072378249
    0.0105613799
    0.0091891345
    0.0079213567
    0.0103593431
    0.0111352155
    0.0139196329
    0.0080935516
    0.0101141616
    0.0120308875
    0.0143747936
    0.0199081122
    0.0080609170
    0.0105594431
    0.0130815132
    0.0168561171
    0.0092755778
    0.0110701755
    0.0143392052
    0.0125075879
    0.0055145529
    0.0089661752
    0.0112389616
    0.0126326642
    0.0018825377
    0.0060940160
    0.0091452165
    0.0116960268
   -0.0000326053
    0.0047938643
    0.0078076293
   -0.0044504186
    0.0022728036
    0.0021871218
    0.0072988044
   -0.0037777882
    0.0039900356
    0.0081469804
    0.0099290938
    0.0111031767
    0.0140392454
    0.0023713166
    0.0071979648
    0.0084297330
    0.0060644890
    0.0030733447
    0.0119056036
    0.0159720704
    0.0115746027
    0.0137839354
    0.0181324866
    0.0136977111
    0.0074443706
    0.0152519467
    0.0102982354
    0.0046789377
    0.0150034490
    0.0088176773
    0.0180571640
    0.0147116124
    0.0175315568
    0.0142457159
    0.0087116467
    0.0175966201
    0.0152416621
    0.0103553222
    0.0115316959
    0.0128419604
    0.0088835894
   -0.0104324819
   -0.0040150870
   -0.0060790969
   -0.0172409906
   -0.0153264299
   -0.0079266888
   -0.0023290252
   -0.0128791075
   -0.0167035528
   -0.0178296685
   -0.0180752360
   -0.0166134170
   -0.0098353052
    0.0026723117
   -0.0097151282
   -0.0164000436
   -0.0183117039
   -0.0180082659
   -0.0145701323
   -0.0161255835
   -0.0176818400
   -0.0163149578
   -0.0097740140
    0.0018991843
   -0.0104061305
   -0.0170086053
   -0.0185458928
   -0.0169269709
   -0.0149010596
   -0.0108044163
   -0.0131899205
   -0.0164458022
   -0.0175285136
   -0.0140670866
   -0.0038681570
   -0.0141174187
   -0.0183819078
   -0.0176960403
   -0.0143110605
   -0.0112550918
   -0.0094181680
   -0.0122142204
   -0.0161176422
   -0.0174914312
   -0.0135597754
    0.0063285969
   -0.0033092767
   -0.0129911742
   -0.0180105990
   -0.0176768259
   -0.0138821897
   -0.0101295639
   -0.0113942553
   -0.0142472564
   -0.0174080281
   -0.0162946272
   -0.0113174891
   -0.0082849165
   -0.0097465137
   -0.0149531710
   -0.0182483656
   -0.0165480361
   -0.0126232565
   -0.0153013526
   -0.0174174103
   -0.0173424623
   -0.0163867333
   -0.0180743439
   -0.0169661360
   -0.0180385802
    0.0043053622
    0.0046377855
    0.0046198355
    0.0048510510
    0.0052383841
    0.0055112222
    0.0065172400
    0.0062640461
    0.0099792599
    0.0081169489
    0.0119346367
    0.0050357268
    0.0062939086
    0.0069189793
    0.0056373699
    0.0064031645
    0.0078536056
    0.0084722808
    0.0079460460
    0.0066269942
    0.0081818231
    0.0088331264
    0.0090849001
    0.0086346028
    0.0076670813
    0.0093072763
    0.0091577037
    0.0092064558
    0.0066027110
    0.0074153028
    0.0078288787
    0.0097365533
    0.0109771418
    0.0109745232
    0.0091198396
    0.0114142206
    0.0139210190
    0.0131355145
    0.0164325262
    0.0053040373
    0.0066107419
    0.0067416769
    0.0053316168
    0.0054774527
    0.0075163855
    0.0080821150
    0.0077886642
    0.0065670313
    0.0071496702
    0.0090356556
    0.0095487837
    0.0092384039
    0.0084118438
    0.0103373500
    0.0079422243
    0.0070997566
    0.0091986079
    0.0091287267
    0.0089924125
    0.0089440633
    0.0093945932
    0.0088010901
    0.0090229297
    0.0090803487
    0.0086116987
    0.0079566614
    0.0085534847
    0.0087290868
    0.0082736099
    0.0073255415
    0.0081581558
    0.0097195868
    0.0084034606
    0.0097818740
    0.0113428627
    0.0140700554
    0.0084030650
    0.0102200366
    0.0124112165
    0.0085054111
    0.0097255781
    0.0126358565
    0.0110945143
    0.0080599804
   -0.0019904277
    0.0073350047
    0.0097267908
   -0.0000578545
    0.0039800564
    0.0070865372
    0.0096160287
   -0.0021445413
    0.0028502320
    0.0060124480
    0.0005811206
    0.0054364324
   -0.0060891847
    0.0016529140
    0.0058726798
    0.0080972602
    0.0090840079
    0.0110859623
    0.0006868323
    0.0054798000
    0.0068055477
    0.0042545125
    0.0012138046
    0.0153774973
    0.0087923727
    0.0112939201
    0.0107791746
    0.0158554781
    0.0113315570
    0.0064964026
    0.0110682052
    0.0174007130
    0.0147885105
    0.0164446956
    0.0138299400
    0.0103432702
    0.0139511919
    0.0110503121
    0.0055093178
    0.0089524089
    0.0101451363
    0.0060777657
   -0.0063974157
   -0.0013369672
   -0.0030083209
   -0.0123870417
   -0.0104325452
   -0.0041155675
    0.0003486021
   -0.0083246943
   -0.0118434836
   -0.0143640487
   -0.0139693184
   -0.0121283051
   -0.0068323121
    0.0012953323
   -0.0072920278
   -0.0121213546
   -0.0140354078
   -0.0144146995
   -0.0134428989
   -0.0138779685
   -0.0140176182
   -0.0124470555
   -0.0076266281
   -0.0025821264
   -0.0095953519
   -0.0134403022
   -0.0146274752
   -0.0142518357
   -0.0135735671
   -0.0112740180
   -0.0122506603
   -0.0135269831
   -0.0137824773
   -0.0117553368
   -0.0069937912
   -0.0001236590
   -0.0083260495
   -0.0130341438
   -0.0147255051
   -0.0141930579
   -0.0126631502
   -0.0114156583
   -0.0095706080
   -0.0108775330
   -0.0127867013
   -0.0138396229
   -0.0126482254
   -0.0082099329
   -0.0016054908
   -0.0092907812
   -0.0135635313
   -0.0147243974
   -0.0135661305
   -0.0114277895
   -0.0097707810
   -0.0094533096
   -0.0109092728
   -0.0129858738
   -0.0137990084
   -0.0117605841
   -0.0061733354
    0.0022144642
    0.0024517201
   -0.0006616069
   -0.0067979303
   -0.0120687215
   -0.0144849946
   -0.0139884901
   -0.0118131309
   -0.0098168954
   -0.0109890742
   -0.0124587185
   -0.0138925728
   -0.0126399914
   -0.0091803383
   -0.0071620455
   -0.0082852752
   -0.0118519031
   -0.0143479922
   -0.0137747476
   -0.0116964223
   -0.0131628975
   -0.0140314014
   -0.0134276036
   -0.0127188683
   -0.0141198880
   -0.0139876519
   -0.0142985430
    0.0042991589
    0.0045625693
    0.0047918618
    0.0045300075
    0.0046487246
    0.0050522064
    0.0052382228
    0.0057255974
    0.0057668884
    0.0074734964
    0.0073877251
    0.0070974430
    0.0084163101
    0.0095741452
    0.0055970860
    0.0059901784
    0.0052332276
    0.0057767550
    0.0067247676
    0.0071586432
    0.0068312161
    0.0060228376
    0.0068164699
    0.0074425133
    0.0078391102
    0.0077778965
    0.0072627665
    0.0066508292
    0.0081762886
    0.0082062873
    0.0081721664
    0.0079471251
    0.0058629868
    0.0063390951
    0.0067721364
    0.0079644859
    0.0086344087
    0.0083742264
    0.0082277159
    0.0096748886
    0.0111462891
    0.0102447031
    0.0120735632
    0.0048974138
    0.0056633456
    0.0057683309
    0.0049931227
    0.0050601340
    0.0062163037
    0.0066328053
    0.0065341234
    0.0058261588
    0.0060393717
    0.0067480694
    0.0072959538
    0.0074915739
    0.0071542030
    0.0065439008
    0.0073644102
    0.0086406516
    0.0083949909
    0.0074090961
    0.0071935606
    0.0082923208
    0.0079365702
    0.0080966031
    0.0081224281
    0.0079270212
    0.0080162137
    0.0079546859
    0.0078801273
    0.0073447885
    0.0076525663
    0.0078309871
    0.0076557252
    0.0072470197
    0.0074114335
    0.0074978236
    0.0072492577
    0.0068436068
    0.0074333293
    0.0084869909
    0.0092550000
    0.0106115704
    0.0136009088
    0.0072806985
    0.0082807806
    0.0094834259
    0.0111460158
    0.0146419547
    0.0077691715
    0.0091294003
    0.0110155814
    0.0080527178
    0.0087564178
    0.0109809945
    0.0098267154
    0.0072851527
    0.0019149902
    0.0054447299
    0.0105076910
    0.0069943397
    0.0011340088
    0.0040010846
    0.0066920497
    0.0091781098
   -0.0010964990
    0.0028656999
    0.0055939823
    0.0082123311
   -0.0002433027
    0.0034317855
   -0.0013955927
    0.0032430694
    0.0063722104
    0.0006362305
    0.0044324257
    0.0064927136
    0.0075664057
    0.0088447071
   -0.0003959762
    0.0038585155
    0.0050097780
   -0.0000128110
    0.0079769517
    0.0076186943
    0.0091578218
    0.0100483682
    0.0060836337
    0.0128593411
    0.0086561115
    0.0139498267
    0.0115918863
    0.0083776454
    0.0125922501
    0.0100462202
    0.0060995167
    0.0123290447
    0.0109189201
    0.0081616336
    0.0072583064
    0.0042807482
   -0.0037991459
    0.0002282987
   -0.0011915504
   -0.0088677887
   -0.0073113969
   -0.0029668951
   -0.0005221100
   -0.0060586100
   -0.0085074461
   -0.0112809702
   -0.0106849387
   -0.0089187533
   -0.0048728621
    0.0005184369
   -0.0055175622
   -0.0090763631
   -0.0107544342
   -0.0113077932
   -0.0115911345
   -0.0115511122
   -0.0110643127
   -0.0092865651
   -0.0051426988
    0.0050226572
   -0.0021669145
   -0.0072995670
   -0.0103223855
   -0.0116142376
   -0.0118355451
   -0.0116809486
   -0.0106458792
   -0.0109907804
   -0.0113340817
   -0.0109758480
   -0.0091590521
   -0.0053579361
    0.0046021073
   -0.0026767168
   -0.0076960940
   -0.0106719718
   -0.0118833928
   -0.0118505375
   -0.0112525152
   -0.0107255563
   -0.0094239505
   -0.0100207426
   -0.0108606730
   -0.0112372062
   -0.0104062154
   -0.0078424038
    0.0012133975
   -0.0052655224
   -0.0094339300
   -0.0115656760
   -0.0120057830
   -0.0113312891
   -0.0102715661
   -0.0095023567
   -0.0087484330
   -0.0094933598
   -0.0105939915
   -0.0112108978
   -0.0104872244
   -0.0077459402
    0.0016333674
   -0.0045402081
   -0.0090026490
   -0.0114199274
   -0.0119550728
   -0.0111575277
   -0.0098518921
   -0.0088722725
   -0.0090168229
   -0.0097600356
   -0.0108216102
   -0.0111980385
   -0.0099878487
   -0.0068056492
   -0.0025991547
   -0.0000646714
    0.0005971529
   -0.0003764349
   -0.0035303213
   -0.0075234507
   -0.0105562240
   -0.0118363950
   -0.0114916772
   -0.0102850066
   -0.0092166830
   -0.0100653898
   -0.0107078354
   -0.0113124075
   -0.0105562350
   -0.0083586118
   -0.0064338906
   -0.0062335635
   -0.0079517143
   -0.0103990781
   -0.0117318989
   -0.0114064810
   -0.0104055365
   -0.0112251344
   -0.0114665437
   -0.0106569209
   -0.0101024450
   -0.0112867788
   -0.0116156018
   -0.0115468739
