    0.0040773775
    0.0030330505
    0.0073119688
    0.0042667093
    0.0066162429
    0.0072274967
    0.0068475514
    0.0071611572
    0.0102892233
    0.0111161161
    0.0104238557
    0.0096423953
    0.0089110396
    0.0114553067
    0.0121498140
    0.0109535596
    0.0051484582
    0.0074518941
    0.0069087612
    0.0102658806
    0.0116570194
    0.0068868299
    0.0107069219
    0.0128860800
    0.0061960760
    0.0107941406
    0.0100358012
    0.0067006915
    0.0063710400
    0.0118435099
    0.0121359633
    0.0097515963
    0.0034336060
    0.0134273820
    0.0100734758
    0.0073187087
    0.0050058420
    0.0099416191
    0.0153560902
    0.0128018446
    0.0190422940
    0.0148816427
    0.0118136773
    0.0184398299
    0.0148889652
    0.0120734442
    0.0168703054
    0.0136375885
    0.0105604703
    0.0111149772
    0.0134599376
    0.0173250019
    0.0118550370
    0.0133921330
    0.0164157300
    0.0186893796
    0.0128700756
    0.0115256793
    0.0147776447
   -0.0014394673
    0.0059064625
   -0.0003974026
    0.0122780716
    0.0090765091
    0.0008963158
    0.0161961865
    0.0120867659
    0.0064519906
    0.0164704140
    0.0140613869
    0.0056661138
    0.0072704834
   -0.0015852684
   -0.0048506447
    0.0076243446
    0.0117696507
    0.0081065978
    0.0131595282
    0.0153075226
    0.0205664123
    0.0244158909
    0.0173313740
    0.0094434055
    0.0032165897
    0.0059590932
    0.0223285313
    0.0176705483
    0.0145083998
    0.0176773761
    0.0215597746
    0.0199006222
    0.0096934795
    0.0195519746
    0.0113383175
    0.0186981290
    0.0230006816
    0.0060792108
    0.0151521192
    0.0204897175
    0.0240418580
    0.0141600991
    0.0179508922
    0.0214148782
   -0.0217446022
   -0.0228069282
   -0.0197536646
   -0.0151290686
   -0.0195384981
   -0.0232399731
   -0.0217082824
   -0.0199570350
   -0.0228012859
   -0.0184123305
   -0.0111703152
   -0.0092735632
   -0.0150078550
   -0.0220333223
   -0.0228349510
   -0.0169104602
   -0.0098161093
   -0.0125464150
   -0.0104764356
   -0.0206857009
   -0.0226152952
   -0.0172656160
   -0.0106116711
   -0.0088620939
   -0.0136423115
   -0.0207183158
   -0.0234070322
   -0.0178340503
   -0.0061185585
   -0.0133759645
   -0.0222980609
   -0.0227020574
   -0.0185964852
   -0.0149652627
   -0.0152745789
   -0.0192908517
   -0.0232349170
   -0.0221619667
   -0.0127506251
   -0.0082614979
   -0.0203775786
   -0.0234996932
   -0.0222962286
   -0.0217991525
   -0.0233626956
   -0.0234729006
   -0.0165350695
    0.0027754450
   -0.0036783637
   -0.0175299453
   -0.0223478904
   -0.0232231273
   -0.0217629979
   -0.0140605891
    0.0046854935
   -0.0042441903
   -0.0140152681
   -0.0090505877
    0.0029387978
    0.0094634698
    0.0057971101
    0.0031536317
    0.0038901493
    0.0050176228
    0.0044524196
    0.0048308073
    0.0078346146
    0.0077525684
    0.0077304404
    0.0067225533
    0.0068064089
    0.0051923688
    0.0102760171
    0.0095663137
    0.0096324760
    0.0087883366
    0.0084372125
    0.0081742214
    0.0100860835
    0.0098721965
    0.0096370667
    0.0039732676
    0.0053148083
    0.0052958611
    0.0052072076
    0.0072459152
    0.0082130617
    0.0057881840
    0.0080508848
    0.0095056262
    0.0116556446
    0.0056919809
    0.0082480374
    0.0102846129
    0.0059554959
    0.0088925623
    0.0078741816
    0.0057885755
    0.0054007000
    0.0079043738
    0.0100050580
    0.0091574135
    0.0075045518
    0.0035694048
    0.0103266063
    0.0083350328
    0.0065453197
    0.0049009751
    0.0115050689
    0.0080095902
    0.0055725849
    0.0040586447
    0.0134009465
    0.0125547694
    0.0141445378
    0.0116706961
    0.0095773256
    0.0154942609
    0.0127558736
    0.0108747583
    0.0183454990
    0.0138142163
    0.0115928273
    0.0100682768
    0.0130748359
    0.0108123209
    0.0092065240
    0.0112114482
    0.0132495285
    0.0101375627
    0.0116736413
    0.0141176824
    0.0180121933
    0.0096422764
    0.0099896816
    0.0115575514
    0.0133649341
    0.0156458604
    0.0140084240
    0.0108690347
    0.0105825444
    0.0126066268
    0.0172465729
    0.0034690051
   -0.0011163749
    0.0081990840
    0.0055519074
   -0.0008877666
    0.0093327610
    0.0051445633
   -0.0033246639
    0.0106993691
    0.0070922458
    0.0134168980
    0.0030667866
    0.0051409076
   -0.0010176842
   -0.0067419250
   -0.0007271238
    0.0066638794
    0.0084125437
    0.0062882321
    0.0067353022
    0.0105157383
    0.0127981428
    0.0136233558
    0.0148090292
    0.0151634036
    0.0096565162
    0.0045971855
    0.0036853367
    0.0084150950
    0.0182443302
    0.0149008988
    0.0119690275
    0.0128534238
    0.0160221132
    0.0183716743
    0.0160462179
    0.0086922108
    0.0092314933
    0.0149249848
    0.0036496917
    0.0115244431
    0.0159821542
    0.0194176201
    0.0087130943
    0.0141389643
    0.0174896323
    0.0127073657
    0.0160184142
    0.0185554700
   -0.0173003987
   -0.0174538447
   -0.0163404534
   -0.0140913309
   -0.0163217592
   -0.0178057440
   -0.0165220157
   -0.0154438209
   -0.0175722376
   -0.0154591526
   -0.0116010556
   -0.0106059045
   -0.0137559222
   -0.0174876520
   -0.0175133125
   -0.0134473636
   -0.0088306307
   -0.0105732306
   -0.0101027709
   -0.0157972549
   -0.0175798987
   -0.0151522344
   -0.0112533511
   -0.0092164779
   -0.0107150359
   -0.0146306350
   -0.0178396225
   -0.0173504301
   -0.0123210115
   -0.0044758113
   -0.0106493675
   -0.0169214998
   -0.0175960698
   -0.0150482702
   -0.0122052389
   -0.0114601062
   -0.0134326155
   -0.0166365782
   -0.0183092522
   -0.0158774096
   -0.0082423924
    0.0031846379
   -0.0050396059
   -0.0146578765
   -0.0179806730
   -0.0175107394
   -0.0159507051
   -0.0155162479
   -0.0167846707
   -0.0183716245
   -0.0176914134
   -0.0121938856
    0.0001989141
   -0.0016047030
   -0.0122582235
   -0.0170930942
   -0.0182371437
   -0.0182818090
   -0.0185672635
   -0.0182159446
   -0.0147317428
   -0.0053593672
    0.0007691059
   -0.0108934120
   -0.0156527218
   -0.0167059480
   -0.0150474573
   -0.0085913460
    0.0049906129
   -0.0005496108
   -0.0084117297
   -0.0047389159
    0.0030543403
    0.0033731514
    0.0036270135
    0.0030132289
    0.0072935586
    0.0044288040
    0.0066106204
    0.0046731460
    0.0040363973
    0.0044904344
    0.0071278464
    0.0068621228
    0.0065780205
    0.0057311494
    0.0060846487
    0.0090674968
    0.0084364079
    0.0081783471
    0.0073961875
    0.0075537093
    0.0090743274
    0.0085964170
    0.0088719295
    0.0036281037
    0.0045138774
    0.0045011637
    0.0058844782
    0.0066470732
    0.0050601786
    0.0066310152
    0.0077813812
    0.0093645310
    0.0052634232
    0.0070211338
    0.0086876693
    0.0116157835
    0.0083988075
    0.0064739052
    0.0048828196
    0.0045737910
    0.0065988917
    0.0084673188
    0.0076472252
    0.0062464370
    0.0033440608
    0.0105155768
    0.0083625595
    0.0067923301
    0.0054328240
    0.0042360152
    0.0095097774
    0.0067847751
    0.0050403508
    0.0121737105
    0.0091672589
    0.0113651696
    0.0149655423
    0.0114987599
    0.0098464760
    0.0124651665
    0.0106116958
    0.0093052653
    0.0143553960
    0.0114249276
    0.0098724294
    0.0092192699
    0.0123908984
    0.0099751491
    0.0116357974
    0.0090120424
    0.0101436024
    0.0119049601
    0.0161812243
    0.0091414845
    0.0101478385
    0.0116776065
    0.0139983824
    0.0127852883
    0.0100073815
    0.0095366620
    0.0111441889
    0.0026807200
   -0.0022033385
    0.0044199441
   -0.0008620581
    0.0079634335
    0.0041780420
    0.0094090389
    0.0061475160
    0.0121024872
    0.0014807808
    0.0039238106
   -0.0021230159
   -0.0026195080
    0.0048821458
    0.0068541130
    0.0068937516
    0.0095333964
    0.0119651779
    0.0124550616
    0.0159384464
    0.0129938585
    0.0079327530
    0.0156090849
    0.0120681098
    0.0092108046
    0.0103989682
    0.0137735938
    0.0159742122
    0.0133786227
    0.0089587674
    0.0135070245
    0.0050713792
    0.0106839159
    0.0142562250
    0.0088697238
    0.0128857940
    0.0157117511
    0.0105656688
    0.0137852008
   -0.0138389431
   -0.0135634085
   -0.0134306670
   -0.0123876348
   -0.0135022015
   -0.0138641443
   -0.0127537719
   -0.0119791628
   -0.0137740191
   -0.0129335010
   -0.0109099706
   -0.0103955689
   -0.0121404273
   -0.0140540954
   -0.0136090200
   -0.0106011054
   -0.0074739697
   -0.0085740131
   -0.0085178376
   -0.0122149715
   -0.0138244767
   -0.0129648577
   -0.0108750766
   -0.0093171763
   -0.0094912230
   -0.0113232694
   -0.0135180890
   -0.0143418092
   -0.0126502698
   -0.0085425636
   -0.0029913592
   -0.0082515536
   -0.0127070037
   -0.0139799095
   -0.0130197857
   -0.0112053578
   -0.0099239463
   -0.0100344561
   -0.0115065764
   -0.0134404602
   -0.0144647156
   -0.0133216892
   -0.0093970548
   -0.0030982918
    0.0041044264
   -0.0103706438
   -0.0136242016
   -0.0141426932
   -0.0132138108
   -0.0121378131
   -0.0118663841
   -0.0126502681
   -0.0139432868
   -0.0146223728
   -0.0134114700
   -0.0092895252
   -0.0017138809
    0.0004719377
   -0.0080864597
   -0.0125723752
   -0.0142233344
   -0.0142914652
   -0.0140007811
   -0.0141134484
   -0.0146048886
   -0.0146750335
   -0.0130831813
   -0.0085614918
    0.0001623300
    0.0023786592
   -0.0064846287
   -0.0114976423
   -0.0136681259
   -0.0143622555
   -0.0145250150
   -0.0141176510
   -0.0121447557
   -0.0071967047
    0.0021714803
    0.0031645694
   -0.0064488630
   -0.0107411226
   -0.0117868382
   -0.0102431632
   -0.0049653958
    0.0051111079
    0.0014251902
   -0.0047525313
   -0.0019719017
    0.0031447233
    0.0031942013
    0.0035887218
    0.0030453366
    0.0036163249
    0.0061345704
    0.0050298798
    0.0033908009
    0.0040736231
    0.0071277370
    0.0048362130
    0.0066962789
    0.0077581034
    0.0058697202
    0.0054804881
    0.0051082200
    0.0044680360
    0.0048323334
    0.0082175082
    0.0070930580
    0.0067457291
    0.0063588300
    0.0056674000
    0.0059747253
    0.0085541507
    0.0078209789
    0.0074201073
    0.0067951255
    0.0071234074
    0.0083593577
    0.0077516371
    0.0083187926
    0.0037263446
    0.0038352436
    0.0046641604
    0.0050624418
    0.0043734449
    0.0053812995
    0.0061122192
    0.0069477769
    0.0047396715
    0.0058419912
    0.0068242223
    0.0081138973
    0.0051444027
    0.0063753187
    0.0079056165
    0.0054451234
    0.0044184259
    0.0041386739
    0.0054080165
    0.0068702856
    0.0064346254
    0.0054143506
    0.0034765393
    0.0087307646
    0.0072890008
    0.0061467900
    0.0051064346
    0.0041700393
    0.0099622142
    0.0076695460
    0.0060549257
    0.0048990822
    0.0040173583
    0.0121511222
    0.0083994002
    0.0084471306
    0.0126300341
    0.0101516272
    0.0089876532
    0.0127443439
    0.0102859899
    0.0090515931
    0.0080508722
    0.0127308474
    0.0103597108
    0.0091506839
    0.0084771135
    0.0124317086
    0.0101061591
    0.0089034710
    0.0085743119
    0.0092583391
    0.0087448258
    0.0098603655
    0.0117085221
    0.0084685931
    0.0092307520
    0.0105929847
    0.0136592192
    0.0084892845
    0.0092132807
    0.0103586392
    0.0120917554
    0.0113934419
    0.0094082123
    0.0088649672
    0.0100215309
   -0.0030170031
    0.0024809979
   -0.0025095777
    0.0059251633
    0.0024524523
    0.0078957925
    0.0047568400
    0.0089016468
    0.0063370278
    0.0004481522
    0.0027836366
   -0.0023555534
    0.0032086412
    0.0050779582
    0.0046840981
    0.0074560873
    0.0084421415
    0.0098759051
    0.0083647251
    0.0135237690
    0.0116847575
    0.0113384825
    0.0072826099
    0.0035171976
    0.0132824884
    0.0102862259
    0.0079955934
    0.0090619402
    0.0119337375
    0.0137568141
    0.0113953833
    0.0058604702
    0.0106003827
    0.0044282594
    0.0091114334
    0.0124568567
    0.0070383435
    0.0106552354
    0.0134706362
    0.0077754250
    0.0110774322
    0.0135535580
    0.0121445234
   -0.0112512306
   -0.0107939517
   -0.0111356153
   -0.0107175278
   -0.0112461642
   -0.0110555727
   -0.0100935460
   -0.0094878217
   -0.0109874590
   -0.0110310400
   -0.0101253556
   -0.0095631568
   -0.0101002294
   -0.0111756331
   -0.0114656097
   -0.0101803955
   -0.0078250485
   -0.0061540015
   -0.0071995143
   -0.0070203839
   -0.0096591617
   -0.0110746490
   -0.0110028972
   -0.0099993608
   -0.0089965554
   -0.0087669110
   -0.0095113134
   -0.0107557782
   -0.0116073366
   -0.0112279313
   -0.0092720477
   -0.0060287055
   -0.0020620436
   -0.0068773128
   -0.0100123328
   -0.0112475245
   -0.0109739653
   -0.0099559687
   -0.0090305191
   -0.0088111125
   -0.0094598240
   -0.0106285798
   -0.0115995489
   -0.0115663163
   -0.0099448605
   -0.0066162573
   -0.0020264740
    0.0031836744
   -0.0078476705
   -0.0105945937
   -0.0114469402
   -0.0111138001
   -0.0103440542
   -0.0097968501
   -0.0098595577
   -0.0105289911
   -0.0114154749
   -0.0118714041
   -0.0111944647
   -0.0088312153
   -0.0045370722
    0.0014249132
   -0.0056137018
   -0.0094682777
   -0.0112292454
   -0.0116227056
   -0.0113677755
   -0.0110919387
   -0.0111643125
   -0.0115823723
   -0.0119746854
   -0.0117201815
   -0.0101287764
   -0.0065931827
   -0.0006302112
    0.0029669965
   -0.0040603304
   -0.0084254588
   -0.0106998950
   -0.0115883379
   -0.0118149748
   -0.0119094737
   -0.0120149700
   -0.0118341396
   -0.0107419071
   -0.0079904652
   -0.0028432032
    0.0045356954
   -0.0026773243
   -0.0072875627
   -0.0097797754
   -0.0108940427
   -0.0112394370
   -0.0109882336
   -0.0097934613
   -0.0069727901
   -0.0018031972
   -0.0026403359
   -0.0067041576
   -0.0082250232
   -0.0078128553
   -0.0052213488
    0.0001757427
    0.0023135130
   -0.0024765291
   -0.0003250497
