    0.0033243370
    0.0033456110
    0.0030214670
    0.0104157229
    0.0110894058
    0.0052784150
    0.0066668731
    0.0063708529
    0.0105690646
    0.0081475318
    0.0037886436
    0.0069629004
    0.0109571106
    0.0121423224
    0.0097649187
    0.0050614313
    0.0111289795
    0.0115525601
    0.0097094745
    0.0035395295
    0.0033406043
    0.0051774183
    0.0069067060
    0.0057116389
    0.0095149392
    0.0104039594
    0.0074552663
    0.0092133964
    0.0115389145
    0.0123118148
    0.0098740392
    0.0150168392
    0.0048109324
    0.0081747969
    0.0076722581
    0.0037593800
    0.0100358014
    0.0114831620
    0.0091873879
    0.0055824248
    0.0118435102
    0.0134260192
    0.0119061662
    0.0069223185
    0.0113261291
    0.0113044880
    0.0140160514
    0.0143215482
    0.0132412292
    0.0105583267
    0.0186293307
    0.0174332609
    0.0151850612
    0.0113675637
    0.0173900404
    0.0113145606
    0.0129003069
    0.0126732115
    0.0147587145
    0.0111539712
    0.0134839671
    0.0155678709
    0.0157390050
    0.0168880353
    0.0177807044
    0.0201034890
    0.0035034296
    0.0226960472
   -0.0065821931
    0.0108363531
    0.0167452480
    0.0134085228
    0.0095186702
    0.0033950978
    0.0177272083
    0.0109854003
    0.0044521257
   -0.0054551555
    0.0152130669
    0.0104994796
    0.0151076366
    0.0080823618
    0.0056661141
    0.0102609827
    0.0138915716
    0.0015805637
   -0.0048506444
    0.0041120308
    0.0139232037
   -0.0096457836
    0.0074821686
    0.0221688945
    0.0229539567
    0.0198625637
    0.0157765473
    0.0184757141
    0.0192327214
    0.0197230000
    0.0155426116
    0.0136191173
    0.0128581315
    0.0230372365
    0.0140361069
    0.0199546826
    0.0221429198
    0.0220801810
    0.0066480890
    0.0161183119
    0.0188807674
    0.0186347799
    0.0082061391
    0.0133970611
   -0.0208276214
   -0.0157900216
   -0.0025486434
   -0.0185427618
   -0.0215444833
   -0.0224208559
   -0.0230595146
   -0.0188850448
   -0.0057213851
   -0.0007521569
   -0.0156659236
   -0.0222071044
   -0.0225966814
   -0.0217025245
   -0.0172402626
   -0.0214412431
   -0.0234650754
   -0.0191626489
   -0.0064509639
   -0.0073008367
   -0.0192104882
   -0.0232939984
   -0.0212917661
   -0.0171618145
   -0.0151966809
   -0.0115375662
   -0.0182701137
   -0.0232280158
   -0.0212755878
   -0.0123297387
   -0.0028936960
    0.0018156245
    0.0024735274
   -0.0081359617
   -0.0193904192
   -0.0235002068
   -0.0199227722
   -0.0130105563
   -0.0090629922
   -0.0105592384
   -0.0178981329
   -0.0233443202
   -0.0222028569
   -0.0177415331
   -0.0156487809
   -0.0185214203
   -0.0230306874
   -0.0219605760
   -0.0149429758
   -0.0090162035
   -0.0152496291
   -0.0217173074
   -0.0239494956
   -0.0236581300
   -0.0228028739
   -0.0166083617
   -0.0216794438
    0.0031937588
    0.0032446988
    0.0027561790
    0.0031799853
    0.0077160284
    0.0054991395
    0.0049625471
    0.0076127204
    0.0078614877
    0.0054073408
    0.0054805177
    0.0082020349
    0.0096619649
    0.0091638636
    0.0068341882
    0.0041110644
    0.0080725692
    0.0095072618
    0.0101124356
    0.0094811662
    0.0075173893
    0.0100969540
    0.0100352556
    0.0048895291
    0.0047866939
    0.0057125737
    0.0074127462
    0.0072238274
    0.0051493421
    0.0071664790
    0.0087417634
    0.0092536744
    0.0081672605
    0.0058070968
    0.0102251618
    0.0108630155
    0.0111033185
    0.0040818089
    0.0060974657
    0.0062879182
    0.0041983436
    0.0037723315
    0.0075117148
    0.0086175100
    0.0076650621
    0.0053997409
    0.0049134367
    0.0084706922
    0.0100157630
    0.0098483918
    0.0086167957
    0.0056351831
    0.0126234363
    0.0091411186
    0.0095080420
    0.0116912490
    0.0112916943
    0.0110094844
    0.0100653279
    0.0141885554
    0.0135116083
    0.0131765314
    0.0120694016
    0.0102584317
    0.0172246803
    0.0148380172
    0.0124356564
    0.0096140652
    0.0101872130
    0.0101911137
    0.0102886421
    0.0101502223
    0.0115058986
    0.0120972419
    0.0120504124
    0.0127664639
    0.0122939452
    0.0135418116
    0.0143994625
    0.0150226078
    0.0181811132
    0.0038259241
    0.0108726586
    0.0070454905
    0.0028527520
    0.0134273566
    0.0099032017
    0.0062041881
    0.0012161789
   -0.0046433228
    0.0125451436
    0.0048609275
   -0.0036350999
    0.0091585844
    0.0051902237
    0.0084580990
    0.0114745379
    0.0026249363
   -0.0014610605
    0.0032270000
    0.0081256318
    0.0135750791
   -0.0048854233
    0.0090234920
    0.0171367721
    0.0171460836
    0.0177486322
    0.0170007000
    0.0138751995
    0.0077815554
    0.0139786867
    0.0146415183
    0.0129995311
    0.0069738916
    0.0074644964
    0.0091953775
    0.0041911405
    0.0124143628
    0.0164308423
    0.0192933762
    0.0110126405
    0.0152609473
    0.0169004469
    0.0171488333
    0.0086760801
    0.0129275860
    0.0140000481
    0.0077095384
   -0.0135775149
   -0.0082177020
   -0.0115131457
   -0.0146502313
   -0.0175268023
   -0.0165123027
   -0.0123665843
   -0.0030288008
   -0.0102128405
   -0.0158493118
   -0.0174477295
   -0.0175719044
   -0.0164196035
   -0.0177963168
   -0.0174163909
   -0.0129562895
   -0.0026323415
   -0.0047024341
   -0.0134165290
   -0.0172919063
   -0.0174769515
   -0.0161708810
   -0.0155418078
   -0.0131609645
   -0.0161332908
   -0.0181256788
   -0.0166356459
   -0.0103222080
    0.0002348012
   -0.0007318485
   -0.0114141984
   -0.0169842525
   -0.0178992209
   -0.0156673556
   -0.0128098436
   -0.0116823825
   -0.0108180236
   -0.0146665597
   -0.0178461886
   -0.0176073406
   -0.0133704878
   -0.0075965996
   -0.0037100905
   -0.0022212835
   -0.0051848014
   -0.0119639457
   -0.0170984173
   -0.0179813865
   -0.0151370359
   -0.0112080230
   -0.0092785605
   -0.0112643505
   -0.0153360789
   -0.0183009708
   -0.0174944431
   -0.0147467451
   -0.0134486654
   -0.0151905269
   -0.0179249022
   -0.0175050951
   -0.0136738819
   -0.0104000655
   -0.0142671289
   -0.0176126913
   -0.0185819463
   -0.0183526953
   -0.0180960180
   -0.0149614203
   -0.0176357747
    0.0033525673
    0.0038582278
    0.0033966007
    0.0029047452
    0.0040468560
    0.0031879809
    0.0072925966
    0.0042770430
    0.0048916579
    0.0046578567
    0.0065755433
    0.0067225491
    0.0048605177
    0.0067785933
    0.0080618475
    0.0082452463
    0.0071984821
    0.0053193659
    0.0083897465
    0.0088710836
    0.0087682689
    0.0078673880
    0.0062911289
    0.0044143409
    0.0042014027
    0.0057451111
    0.0063646340
    0.0057757895
    0.0042451820
    0.0070897468
    0.0077335577
    0.0076034236
    0.0064735247
    0.0047345909
    0.0095499585
    0.0096324374
    0.0038091777
    0.0051739158
    0.0054739717
    0.0034803207
    0.0061919819
    0.0071768608
    0.0069200439
    0.0057456867
    0.0044231290
    0.0070196677
    0.0084121876
    0.0087024858
    0.0082914956
    0.0049096433
    0.0091879212
    0.0088328377
    0.0155390129
    0.0108090713
    0.0099807235
    0.0098192286
    0.0093850059
    0.0128779215
    0.0119332159
    0.0116219204
    0.0109774202
    0.0099128638
    0.0089449249
    0.0160018722
    0.0138412130
    0.0120704370
    0.0108982257
    0.0091977563
    0.0092019063
    0.0089693207
    0.0091306492
    0.0098346091
    0.0104290288
    0.0105868595
    0.0107112751
    0.0115053278
    0.0116757854
    0.0123557213
    0.0128380354
    0.0137089001
    0.0039843269
    0.0083487673
    0.0048184226
    0.0015318242
    0.0105424661
    0.0071473438
    0.0034013838
   -0.0012391321
   -0.0063151265
    0.0078941777
    0.0008291804
    0.0036457689
    0.0064433518
    0.0093738090
    0.0017183688
   -0.0031372966
    0.0009983823
    0.0056111979
    0.0108086742
   -0.0060060079
    0.0155570633
    0.0078402308
    0.0150915696
    0.0150670389
    0.0149906219
    0.0133597687
    0.0097332339
    0.0116000561
    0.0119817233
    0.0115090401
    0.0086190310
    0.0065573998
    0.0095348108
    0.0131631591
    0.0160793303
    0.0072963128
    0.0117201094
    0.0138865856
    0.0146813831
    0.0045066752
    0.0094489680
    0.0113283048
    0.0124453759
    0.0051850970
   -0.0082520772
   -0.0066386617
   -0.0095229945
   -0.0128834867
   -0.0113344779
   -0.0076381442
   -0.0008471377
   -0.0064215795
   -0.0111686339
   -0.0129487151
   -0.0132966054
   -0.0138389432
   -0.0139111717
   -0.0128149718
   -0.0094479375
   -0.0028514287
    0.0030615673
   -0.0050249983
   -0.0103799791
   -0.0130828119
   -0.0138185954
   -0.0136872579
   -0.0136027329
   -0.0126140295
   -0.0137446646
   -0.0142361539
   -0.0129360407
   -0.0089455453
   -0.0017138812
    0.0027128847
   -0.0058251178
   -0.0110966457
   -0.0136242016
   -0.0139662643
   -0.0130863752
   -0.0121138914
   -0.0118913970
   -0.0108899274
   -0.0127085360
   -0.0141820647
   -0.0140456310
   -0.0114788783
   -0.0065109108
   -0.0005323545
    0.0036134975
   -0.0017269724
   -0.0083554670
   -0.0126126006
   -0.0142307439
   -0.0136588487
   -0.0119346886
   -0.0103484761
   -0.0099084571
   -0.0100760312
   -0.0122505745
   -0.0141436008
   -0.0142806556
   -0.0121538721
   -0.0086964598
   -0.0057096362
   -0.0041632808
   -0.0046524634
   -0.0078114978
   -0.0117572914
   -0.0141186225
   -0.0140646671
   -0.0122084898
   -0.0100572342
   -0.0091340085
   -0.0107956323
   -0.0130732539
   -0.0146183665
   -0.0138958314
   -0.0120375412
   -0.0111784462
   -0.0123245474
   -0.0141685079
   -0.0141824405
   -0.0121263396
   -0.0103000751
   -0.0126502688
   -0.0143754157
   -0.0146638594
   -0.0144691639
   -0.0145479633
   -0.0130037076
   -0.0143994581
    0.0034251944
    0.0034012693
    0.0037957733
    0.0034494675
    0.0030032595
    0.0039855594
    0.0031376550
    0.0057200100
    0.0048721267
    0.0073671130
    0.0076445972
    0.0059104919
    0.0079059462
    0.0044964521
    0.0044570194
    0.0056862204
    0.0057555736
    0.0045093731
    0.0060027831
    0.0068849734
    0.0069988588
    0.0062513855
    0.0049590378
    0.0070578461
    0.0076306012
    0.0077727860
    0.0073635972
    0.0064118954
    0.0084550325
    0.0083376358
    0.0080880134
    0.0074689257
    0.0039374807
    0.0036829988
    0.0048835792
    0.0051436893
    0.0046599667
    0.0036660840
    0.0060317841
    0.0062371823
    0.0058509924
    0.0048555341
    0.0037132259
    0.0074183857
    0.0073534016
    0.0068893538
    0.0058517047
    0.0098589731
    0.0044162832
    0.0047329741
    0.0050872885
    0.0058409789
    0.0057955705
    0.0051796283
    0.0039058169
    0.0055351486
    0.0065985842
    0.0070190313
    0.0068842717
    0.0041704140
    0.0081261990
    0.0086890841
    0.0090537058
    0.0082814577
    0.0088192523
    0.0106646394
    0.0108049766
    0.0086200437
    0.0085025280
    0.0085046411
    0.0098641160
    0.0096616899
    0.0094194552
    0.0089555827
    0.0085076177
    0.0119515615
    0.0113853395
    0.0107285482
    0.0099220015
    0.0092071772
    0.0137427003
    0.0119908203
    0.0085315832
    0.0087863152
    0.0088851917
    0.0088838703
    0.0094001093
    0.0093740361
    0.0097455886
    0.0100115243
    0.0101089836
    0.0104223220
    0.0119950433
    0.0114954572
    0.0118597398
    0.0124287489
    0.0047284947
    0.0022198285
    0.0088450377
    0.0061434464
    0.0031282156
   -0.0002103849
   -0.0032736267
    0.0073869905
    0.0033685386
   -0.0010679364
    0.0038893361
    0.0061796131
    0.0087744149
    0.0024862868
   -0.0006579008
    0.0020997692
    0.0052560211
    0.0087527637
   -0.0025253118
    0.0081328489
    0.0127139956
    0.0100390017
    0.0139745723
    0.0119629275
    0.0088852039
    0.0120072218
    0.0119343062
    0.0110554646
    0.0086780535
    0.0085511273
    0.0089454893
    0.0082375729
    0.0052546748
    0.0036067940
    0.0124176876
    0.0067437929
    0.0104000464
    0.0126125675
    0.0137656240
    0.0073542229
    0.0100545844
    0.0113625015
    0.0122425482
    0.0061142661
    0.0082829080
   -0.0045869970
   -0.0059200405
   -0.0091634042
   -0.0075281516
   -0.0043511549
    0.0007708626
   -0.0040478302
   -0.0078490906
   -0.0094280071
   -0.0097389685
   -0.0110578271
   -0.0105746974
   -0.0091598890
   -0.0062071222
   -0.0011730683
   -0.0027811308
   -0.0071822613
   -0.0097141161
   -0.0108048396
   -0.0111132524
   -0.0111497370
   -0.0111188777
   -0.0114037841
   -0.0111623609
   -0.0097848308
   -0.0067343547
   -0.0015737859
   -0.0000100878
   -0.0053014599
   -0.0087822144
   -0.0106435649
   -0.0112396645
   -0.0111217623
   -0.0108613818
   -0.0108416645
   -0.0102869518
   -0.0110914912
   -0.0115998206
   -0.0111666518
   -0.0092628750
   -0.0056117137
   -0.0003326665
    0.0015419844
   -0.0043061098
   -0.0083418469
   -0.0106434810
   -0.0114345608
   -0.0111558144
   -0.0104157916
   -0.0098177910
   -0.0097579386
   -0.0094671098
   -0.0106025328
   -0.0115552733
   -0.0115854302
   -0.0101842150
   -0.0073160855
   -0.0036216053
   -0.0003845506
    0.0015843216
    0.0027395500
    0.0024506493
   -0.0005806699
   -0.0049345960
   -0.0086608438
   -0.0109231549
   -0.0116092527
   -0.0110673301
   -0.0099600710
   -0.0090327168
   -0.0088277063
   -0.0092927760
   -0.0105216561
   -0.0116065563
   -0.0117412904
   -0.0105692016
   -0.0084469258
   -0.0062849233
   -0.0048674736
   -0.0045844124
   -0.0058251758
   -0.0082315299
   -0.0105138754
   -0.0116534583
   -0.0114286163
   -0.0103124278
   -0.0091523494
   -0.0087181241
   -0.0099352193
   -0.0111039685
   -0.0119280651
   -0.0115603858
   -0.0103503828
   -0.0094068589
   -0.0095569398
   -0.0107248779
   -0.0117360039
   -0.0115550978
   -0.0104467462
   -0.0096109308
   -0.0110564049
   -0.0119196162
   -0.0118554021
   -0.0116866187
   -0.0119341823
   -0.0112301003
   -0.0119308661
