  -4.7727075562    0.4897237170   -0.4855507814
  -3.7723927102    2.9656316844   -1.5355507814
  -5.0667002640    0.4995346797   -1.5355507814
  -4.5194169264    2.6410654745   -1.8115624192
  -5.2219467804    1.8038229971   -1.8115624192
  -5.2219467804    0.7108805641   -1.8115624192
  -3.4430787447    2.8308529363   -2.8498595203
  -4.5194169264    2.6410654745   -2.8498595203
  -5.2219467804    1.8038229971   -2.8498595203
  -5.2219467804    0.7108805641   -2.8498595203
  -4.5194169264   -0.1263619134   -2.8498595203
  -3.4153815909    2.1965003311   -3.6898595203
  -4.5194169264    1.8377775053   -3.6898595203
  -4.5194169264    0.6769260558   -3.6898595203
  -3.4153815909    0.3182032300   -3.6898595203
  -3.7205294527    1.2573517806   -4.0107109698
  -3.1486766977   -0.0568106466    0.3495504661
  -3.9475641714   -0.6372363713    0.0286990167
  -4.6500940254   -0.6032818631   -0.8113009833
  -3.9475641714   -1.4405243405   -0.8113009833
  -2.8712259898   -1.6303118023   -0.8113009833
  -4.6500940254   -0.6032818631   -1.8495980844
  -3.9475641714   -1.4405243405   -1.8495980844
  -2.8712259898   -1.6303118023   -1.8495980844
  -1.9247100779   -1.0838405858   -1.8495980844
  -3.9475641714   -0.6372363713   -2.6895980844
  -2.8435288359   -0.9959591971   -2.6895980844
  -3.3290747525    1.5487787164    1.0334556565
  -3.0239268907    2.4879272670    0.7126042070
  -4.1279622261    2.1292044411    0.7126042070
  -4.1279622261    0.9683529917    0.7126042070
  -3.0239268907    0.6096301659    0.7126042070
  -3.0516240445    3.1222798722   -0.1273957930
  -4.1279622261    2.9324924104   -0.1273957930
  -4.8304920802    2.0952499329   -0.1273957930
  -4.8304920802    1.0023074999   -0.1273957930
  -3.0516240445    3.1222798722   -1.1656928940
  -4.1279622261    2.9324924104   -1.1656928940
  -4.8304920802    2.0952499329   -1.1656928940
  -2.6436672090    1.3531645792   -3.7556161311
  -1.2516225719    3.3383924900   -0.8685044239
  -0.3328038138    3.4262738787   -1.7085044239
  -1.2793197257    3.9727450952   -1.7085044239
  -2.3556579073    3.7829576334   -1.7085044239
   0.0410045137    2.3992439395   -2.7468015250
  -0.3328038138    3.4262738787   -2.7468015250
  -1.2793197257    3.9727450952   -2.7468015250
  -2.3556579073    3.7829576334   -2.7468015250
  -3.0581877614    2.9457151560   -2.7468015250
  -0.5692912098    2.3992439395   -3.5868015250
  -1.2516225719    3.3383924900   -3.5868015250
  -2.3556579073    2.9796696642   -3.5868015250
  -1.5567704336    2.3992439395   -3.9076529744
   0.2863385610    0.7841382547   -3.3392269634
  -0.0874697666    1.8111681939   -3.3392269634
  -2.1103238600   -0.5995754393   -3.3392269634
  -1.0339856784   -0.7893629011   -3.3392269634
  -0.0874697666   -0.2428916846   -3.3392269634
  -0.3239571625    0.7841382547   -4.1792269634
  -1.0062885246    1.7232868052   -4.1792269634
  -2.1103238600    1.3645639794   -4.1792269634
  -2.1103238600    0.2037125299   -4.1792269634
  -1.0062885246   -0.1550102959   -4.1792269634
  -1.3114363864    0.7841382547   -4.5000784129
  -0.2951301974    3.2227498406   -0.8329712274
  -0.8302031668    1.6942961725    1.7353649886
  -0.5250553050    2.6334447231    1.4145135391
  -1.6290906405    2.2747218972    1.4145135391
  -1.6290906405    1.1138704478    1.4145135391
   0.3937634530    2.7213261118    0.5745135391
  -0.5527524589    3.2677973283    0.5745135391
  -1.6290906405    3.0780098665    0.5745135391
  -2.3316204945    2.2407673890    0.5745135391
  -0.5527524589    3.2677973283   -0.4637835620
  -1.6290906405    3.0780098665   -0.4637835620
   0.7107604171    2.4735930564    0.1959107043
   2.0033875027    1.5344445059   -0.6440892957
   1.6295791751    2.5614744451   -0.6440892957
   0.6830632632    3.1079456616   -0.6440892957
   2.0033875027    1.5344445059   -1.6823863968
   1.6295791751    2.5614744451   -1.6823863968
   0.6830632632    3.1079456616   -1.6823863968
   1.6295791751    0.5074145666   -1.6823863968
   1.3930917792    1.5344445059   -2.5223863968
   0.7107604171    2.4735930564   -2.5223863968
   0.7107604171    0.5952959553   -2.5223863968
   0.4056125553    1.5344445059   -2.8432378462
  -1.5615536906   -1.7040036829   -1.5238946544
  -2.0539555955   -0.1853624560    1.3175886239
  -2.0539555955   -1.3462139055    1.3175886239
  -2.7564854496   -0.2193169642    0.4775886239
  -2.7564854496   -1.3122593973    0.4775886239
  -2.0539555955   -2.1495018747    0.4775886239
  -0.9776174139   -2.3392893365    0.4775886239
  -2.0539555955   -2.1495018747   -0.5607084772
  -0.9776174139   -2.3392893365   -0.5607084772
  -2.0539555955   -1.3462139055   -1.4007084772
   0.2192181478   -2.4924683356   -0.8022369562
   1.5395423873   -0.9189671799   -1.8405340573
   1.1657340597    0.1080627594   -1.8405340573
  -1.5596498878   -1.4654383964   -1.8405340573
  -0.8571200338   -2.3026808738   -1.8405340573
   0.2192181478   -2.4924683356   -1.8405340573
   1.1657340597   -1.9459971191   -1.8405340573
   0.9292466637   -0.9189671799   -2.6805340573
   0.2469153016    0.0201813707   -2.6805340573
  -0.8571200338   -1.4993929046   -2.6805340573
   0.2469153016   -1.8581157304   -2.6805340573
  -0.0582325601   -0.9189671799   -3.0013855067
   1.0314846602   -0.5765502429    3.4677598567
   2.0226347500   -0.5765502429    3.2706078459
   1.5270597051    0.2818109138    3.2706078459
   0.5359096152    0.2818109138    3.2706078459
   0.0403345703   -0.5765502429    3.2706078459
   0.5359096152   -1.4349113997    3.2706078459
   1.5270597051   -1.4349113997    3.2706078459
   2.8628912234   -0.5765502429    2.7091664200
   2.5721619016    0.4135828985    2.7091664200
   1.7922784414    1.0893557635    2.7091664200
   0.7708483313    1.2362152422    2.7091664200
  -0.1678315860    0.8075344877    2.7091664200
  -0.7257370691   -0.0605833893    2.7091664200
  -0.7257370691   -1.0925170966    2.7091664200
  -0.1678315860   -1.9606349736    2.7091664200
   0.7708483313   -2.3893157281    2.7091664200
   1.7922784414   -2.2424562494    2.7091664200
   2.5721619016   -1.5666833844    2.7091664200
   3.4243326494   -0.5765502429    1.8689099466
   3.1873662040    0.4616675897    1.8689099466
   2.5234009788    1.2942536478    1.8689099466
   1.5639434295    1.7563040513    1.8689099466
   0.4990258908    1.7563040513    1.8689099466
  -0.4604316585    1.2942536478    1.8689099466
  -1.1243968837    0.4616675897    1.8689099466
  -1.3613633291   -0.5765502429    1.8689099466
  -1.1243968837   -1.6147680756    1.8689099466
  -0.4604316585   -2.4473541337    1.8689099466
   0.4990258908   -2.9094045372    1.8689099466
   1.5639434295   -2.9094045372    1.8689099466
   2.5234009788   -2.4473541337    1.8689099466
   3.1873662040   -1.6147680756    1.8689099466
   3.6214846602   -0.5765502429    0.8777598567
   3.4243326494    0.4145998469    0.8777598567
   2.8628912234    1.2548563203    0.8777598567
   2.0226347500    1.8162977463    0.8777598567
   1.0314846602    2.0134497571    0.8777598567
  -0.7999219031   -2.4079568062    0.8777598567
   0.0403345703   -2.9693982322    0.8777598567
   1.0314846602   -3.1665502429    0.8777598567
   2.0226347500   -2.9693982322    0.8777598567
   2.8628912234   -2.4079568062    0.8777598567
   3.4243326494   -1.5677003328    0.8777598567
   3.4243326494   -0.5765502429   -0.1133902331
   3.1873662040    0.4616675897   -0.1133902331
   2.5234009788    1.2942536478   -0.1133902331
  -0.4604316585   -2.4473541337   -0.1133902331
   0.4990258908   -2.9094045372   -0.1133902331
   1.5639434295   -2.9094045372   -0.1133902331
   2.5234009788   -2.4473541337   -0.1133902331
   3.1873662040   -1.6147680756   -0.1133902331
   2.8628912234   -0.5765502429   -0.9536467065
   2.5721619016    0.4135828985   -0.9536467065
   0.7708483313   -2.3893157281   -0.9536467065
   1.7922784414   -2.2424562494   -0.9536467065
   2.5721619016   -1.5666833844   -0.9536467065
   2.0226347500   -0.5765502429   -1.5150881325
   1.5270597051    0.2818109138   -1.5150881325
  -3.5483829343    0.1002871578    0.6267745016
  -4.8281108010    0.4734558565   -0.0391752569
  -5.3675494366    1.0020975747   -1.0015005399
  -5.1358337210   -0.0131153083   -1.0015005399
  -3.5483829343    3.2832602162   -2.0696010229
  -3.7205294527    3.1773517806   -2.3307109698
  -4.6805294527    2.9201205558   -2.3307109698
  -5.3832982279    2.2173517806   -2.3307109698
  -5.6405294527    1.2573517806   -2.3307109698
  -5.3832982279    0.2973517806   -2.3307109698
  -3.2067056434    2.8387388594   -3.2907109698
  -4.2343532619    2.8387388594   -3.2907109698
  -5.0657376496    2.2347027446   -3.2907109698
  -5.3832982279    1.2573517806   -3.2907109698
  -5.0657376496    0.2800008165   -3.2907109698
  -4.2343532619   -0.3240352982   -3.2907109698
  -3.2405294527    2.0887361682   -3.9934797450
  -4.2005294527    2.0887361682   -3.9934797450
  -4.6805294527    1.2573517806   -3.9934797450
  -4.2005294527    0.4259673929   -3.9934797450
  -3.2405294527    0.4259673929   -3.9934797450
  -3.7205294527    1.2573517806   -4.2507109698
  -4.1086766977   -0.0568106466    0.3323192414
  -3.6286766977   -0.8881950342    0.3323192414
  -4.4938848946   -1.0341616106   -0.3704495339
  -3.6625005070   -1.6381977254   -0.3704495339
  -4.8114454730   -1.0168106466   -1.3304495339
  -4.1086766977   -1.7195794218   -1.3304495339
  -3.1486766977   -1.9768106466   -1.3304495339
  -4.4938848946   -1.0341616106   -2.2904495339
  -3.6625005070   -1.6381977254   -2.2904495339
  -2.6348528884   -1.6381977254   -2.2904495339
  -1.8034685008   -1.0341616106   -2.2904495339
  -3.6286766977   -0.8881950342   -2.9932183091
  -2.6686766977   -0.8881950342   -2.9932183091
  -3.3290747525    1.5487787164    1.2734556565
  -2.8490747525    2.3801631040    1.0162244318
  -3.8090747525    2.3801631040    1.0162244318
  -4.2890747525    1.5487787164    1.0162244318
  -3.8090747525    0.7173943288    1.0162244318
  -2.8490747525    0.7173943288    1.0162244318
  -2.8152509432    3.1301657952    0.3134556565
  -3.8428985617    3.1301657952    0.3134556565
  -4.6742829494    2.5261296805    0.3134556565
  -4.9918435277    1.5487787164    0.3134556565
  -4.6742829494    0.5714277523    0.3134556565
  -3.3290747525    3.4687787164   -0.6465443435
  -4.2890747525    3.2115474917   -0.6465443435
  -4.9918435277    2.5087787164   -0.6465443435
  -5.2490747525    1.5487787164   -0.6465443435
  -0.0151428169    2.3676206075   -3.4333383077
  -1.0730067220    2.2549749961   -4.0992880662
  -2.1143276959    2.2549749961   -4.0992880662
  -2.6349881828    1.3531645792   -4.0992880662
  -1.0429466244    3.9806310183   -1.2676529744
  -2.0705942429    3.9806310183   -1.2676529744
   0.1059983416    3.3592439395   -2.2276529744
  -0.5967704336    4.0620127147   -2.2276529744
  -1.5567704336    4.3192439395   -2.2276529744
  -2.5167704336    4.0620127147   -2.2276529744
  -3.2195392089    3.3592439395   -2.2276529744
  -0.2115622367    3.3765949035   -3.1876529744
  -1.0429466244    3.9806310183   -3.1876529744
  -2.0705942429    3.9806310183   -3.1876529744
  -2.9019786305    3.3765949035   -3.1876529744
  -0.5967704336    2.3992439395   -3.8904217497
  -1.0767704336    3.2306283271   -3.8904217497
  -2.0367704336    3.2306283271   -3.8904217497
  -2.5167704336    2.3992439395   -3.8904217497
  -1.5567704336    2.3992439395   -4.1476529744
  -1.3114363864   -1.1358617453   -2.8200784129
   0.3513323889    0.7841382547   -3.7800784129
   0.0337718105    1.7614892187   -3.7800784129
  -2.6566445833   -0.1932127094   -3.7800784129
  -1.8252601956   -0.7972488242   -3.7800784129
  -0.7976125771   -0.7972488242   -3.7800784129
   0.0337718105   -0.1932127094   -3.7800784129
  -0.3514363864    0.7841382547   -4.4828471881
  -0.8314363864    1.6155226423   -4.4828471881
  -1.7914363864    1.6155226423   -4.4828471881
  -2.2714363864    0.7841382547   -4.4828471881
  -1.7914363864   -0.0472461330   -4.4828471881
  -0.8314363864   -0.0472461330   -4.4828471881
  -1.3114363864    0.7841382547   -4.7400784129
  -0.0275967390    3.4192238464   -0.2989209859
  -0.0275967390    3.4192238464   -1.3670214689
  -0.8302031668    1.6942961725    1.9753649886
  -0.3502031668    2.5256805602    1.7181337639
  -1.3102031668    2.5256805602    1.7181337639
  -1.7902031668    1.6942961725    1.7181337639
   0.5150050301    2.6716471366    1.0153649886
  -0.3163793575    3.2756832513    1.0153649886
  -1.3440269761    3.2756832513    1.0153649886
  -2.1754113637    2.6716471366    1.0153649886
  -2.1754113637    0.7169452084    1.0153649886
   0.1297968332    3.3570649478    0.0553649886
  -0.8302031668    3.6142961725    0.0553649886
  -1.7902031668    3.3570649478    0.0553649886
   1.7508207522    2.5117954699   -0.2032378462
   0.9194363646    3.1158315847   -0.2032378462
   2.3256125553    1.5344445059   -1.1632378462
   2.0683813306    2.4944445059   -1.1632378462
   1.3656125553    3.1972132811   -1.1632378462
   0.4056125553    3.4544445059   -1.1632378462
   2.0683813306    1.5344445059   -2.1232378462
   1.7508207522    2.5117954699   -2.1232378462
   0.9194363646    3.1158315847   -2.1232378462
   1.7508207522    0.5570935418   -2.1232378462
   1.3656125553    1.5344445059   -2.8260066215
   0.8856125553    2.3658288935   -2.8260066215
   0.8856125553    0.7030601182   -2.8260066215
  -2.2150681218   -0.7657881807    1.6212088486
  -1.7350681218   -1.5971725684    1.6212088486
  -2.6002763187    0.2115627833    0.9184400733
  -2.9178368971   -0.7657881807    0.9184400733
  -2.6002763187   -1.7431391448    0.9184400733
  -1.7688919311   -2.3471752596    0.9184400733
  -2.9178368971   -1.7257881807   -0.0415599267
  -2.2150681218   -2.4285569560   -0.0415599267
  -1.2550681218   -2.6857881807   -0.0415599267
  -1.7688919311   -2.3471752596   -1.0015599267
  -1.0182325601   -2.5817359551   -1.3213855067
  -0.0582325601   -2.8389671799   -1.3213855067
   0.9017674399   -2.5817359551   -1.3213855067
   1.6045362151   -0.9189671799   -2.2813855067
   1.2869756368    0.0583837842   -2.2813855067
  -1.4034407570   -1.8963181439   -2.2813855067
  -0.5720563694   -2.5003542587   -2.2813855067
   0.4555912492   -2.5003542587   -2.2813855067
   1.2869756368   -1.8963181439   -2.2813855067
   0.9017674399   -0.9189671799   -2.9841542820
   0.4217674399   -0.0875827922   -2.9841542820
  -0.5382325601   -1.7503515675   -2.9841542820
   0.4217674399   -1.7503515675   -2.9841542820
  -0.0582325601   -0.9189671799   -3.2413855067
   1.0314846602   -0.5765502429    3.8377598567
   2.0438642844   -0.5765502429    3.6592500143
   1.5376744723    0.3001962299    3.6592500143
   0.5252948480    0.3001962299    3.6592500143
   0.0191050359   -0.5765502429    3.6592500143
   0.5252948480   -1.4532967158    3.6592500143
   1.5376744723   -1.4532967158    3.6592500143
   2.9341359848   -0.5765502429    3.1452514084
   2.6320968088    0.4521007246    3.1452514084
   1.8218745849    1.1541622780    3.1452514084
   0.7607091446    1.3067348346    3.1452514084
  -0.2144869828    0.8613776858    3.1452514084
  -0.7940959171   -0.0405114205    3.1452514084
  -0.7940959171   -1.1125890654    3.1452514084
  -0.2144869828   -2.0144781717    3.1452514084
   0.7607091446   -2.4598353205    3.1452514084
   1.8218745849   -2.3072627639    3.1452514084
   2.6320968088   -1.6052012104    3.1452514084
   3.5949198554   -0.5765502429    2.3577598567
   3.3732992387    0.4660927831    2.3577598567
   2.7467576067    1.3284533578    2.3577598567
   1.8236296994    1.8614215036    2.3577598567
   0.7635327185    1.9728421860    2.3577598567
  -0.2502329374    1.6434497571    2.3577598567
  -1.0423779767    0.9301991600    2.3577598567
  -1.4759333257   -0.0435820972    2.3577598567
  -1.4759333257   -1.1095183887    2.3577598567
  -1.0423779767   -2.0832996459    2.3577598567
  -0.2502329374   -2.7965502429    2.3577598567
   0.7635327185   -3.1259426719    2.3577598567
   1.8236296994   -3.0145219894    2.3577598567
   2.7467576067   -2.4815538437    2.3577598567
   3.3732992387   -1.6191932690    2.3577598567
   3.9465156091   -0.5765502429    1.3917584626
   3.7496700679    0.4764803940    1.3917584626
   3.1857185254    1.3872934084    1.3917584626
   2.3308257624    2.0328784557    1.3917584626
   1.3004497836    2.3260456978    1.3917584626
  -1.4469246038   -2.1111162902    1.3917584626
  -0.7252139558   -2.9027951582    1.3917584626
   0.2337485745   -3.3803017603    1.3917584626
   1.3004497836   -3.4791461837    1.3917584626
   2.3308257624   -3.1859789416    1.3917584626
   3.1857185254   -2.5403938943    1.3917584626
   3.7496700679   -1.6295808799    1.3917584626
   3.9465156091   -0.5765502429    0.3637612508
   3.7496700679    0.4764803940    0.3637612508
   3.1857185254    1.3872934084    0.3637612508
   2.3308257624    2.0328784557    0.3637612508
   1.3004497836    2.3260456978    0.3637612508
  -0.7252139558   -2.9027951582    0.3637612508
   0.2337485745   -3.3803017603    0.3637612508
   1.3004497836   -3.4791461837    0.3637612508
   2.3308257624   -3.1859789416    0.3637612508
   3.1857185254   -2.5403938943    0.3637612508
   3.7496700679   -1.6295808799    0.3637612508
   3.5949198554   -0.5765502429   -0.6022401433
   3.3732992387    0.4660927831   -0.6022401433
   2.7467576067    1.3284533578   -0.6022401433
  -0.2502329374   -2.7965502429   -0.6022401433
   0.7635327185   -3.1259426719   -0.6022401433
   1.8236296994   -3.0145219894   -0.6022401433
   2.7467576067   -2.4815538437   -0.6022401433
   3.3732992387   -1.6191932690   -0.6022401433
   2.9341359848   -0.5765502429   -1.3897316949
   2.6320968088    0.4521007246   -1.3897316949
   1.8218745849   -2.3072627639   -1.3897316949
   2.6320968088   -1.6052012104   -1.3897316949
   2.0438642844   -0.5765502429   -1.9037303008
  -3.5443450811    0.1072809248    0.9589239564
  -5.5221971852    1.0020975747   -0.5023055140
  -5.2751665279   -0.0802144516   -0.5023055140
  -4.0609677148    3.4965723125   -1.5355507814
  -4.9369107566    2.9112858839   -1.5355507814
  -5.7277224474    1.0020975747   -1.5355507814
  -5.5221971852   -0.0311476927   -1.5355507814
  -3.5827952958    3.4340306228   -2.5687960488
  -3.2994282729   -0.8876579503   -3.4447390906
  -4.4864760087    3.2769868648   -2.3307109698
  -5.3373126687    2.6896967224   -2.3307109698
  -5.8177637783    1.7742736154   -2.3307109698
  -5.8177637783    0.7404299457   -2.3307109698
  -5.3373126687   -0.1749931612   -2.3307109698
  -3.9867457057    3.1089264906   -3.4107109698
  -4.9455216808    2.6710681740   -3.4107109698
  -5.5153712789    1.7843648914   -3.4107109698
  -5.5153712789    0.7303386698   -3.4107109698
  -4.9455216808   -0.1563646129   -3.4107109698
  -3.1805294527    2.1926592167   -4.2013258419
  -4.2605294527    2.1926592167   -4.2013258419
  -4.8005294527    1.2573517806   -4.2013258419
  -4.2605294527    0.3220443445   -4.2013258419
  -3.1805294527    0.3220443445   -4.2013258419
  -3.7205294527    1.2573517806   -4.4907109698
  -3.6886766977   -0.9921180827    0.5401653383
  -4.9435185239   -0.5838237574   -0.2504495339
  -4.3736689258   -1.4705270400   -0.2504495339
  -3.4148929507   -1.9083853565   -0.2504495339
  -5.2459110233   -0.5737324814   -1.3304495339
  -4.7654599138   -1.4891555884   -1.3304495339
  -3.9146232537   -2.0764457308   -1.3304495339
  -2.8883174683   -2.2010618146   -1.3304495339
  -4.3736689258   -1.4705270400   -2.4104495339
  -3.4148929507   -1.9083853565   -2.4104495339
  -2.3715951963   -1.7583817853   -2.4104495339
  -3.3290747525    1.5487787164    1.5134556565
  -2.7890747525    2.4840861525    1.2240705287
  -3.8690747525    2.4840861525    1.2240705287
  -4.4090747525    1.5487787164    1.2240705287
  -3.8690747525    0.6134712803    1.2240705287
  -2.7890747525    0.6134712803    1.2240705287
  -2.5519932510    3.2503498551    0.4334556565
  -3.5952910055    3.4003534264    0.4334556565
  -4.5540669806    2.9624951098    0.4334556565
  -5.1239165786    2.0757918272    0.4334556565
  -5.1239165786    1.0217656056    0.4334556565
  -3.0687155231    3.6930298845   -0.6465443435
  -4.0950213085    3.5684138006   -0.6465443435
  -4.9458579685    2.9811236582   -0.6465443435
  -5.4263090781    2.0657005513   -0.6465443435
   0.0124442010    2.3853497074   -3.8461510924
  -1.0770445753    2.2479812291   -4.4314375210
  -2.1102898427    2.2479812291   -4.4314375210
  -0.7796889322    4.1008150782   -1.1476529744
  -1.8229866866    4.2508186494   -1.1476529744
  -2.7817626618    3.8129603329   -1.1476529744
  -0.3297505807    4.1768890898   -2.2276529744
  -1.2964112043    4.5434951075   -2.2276529744
  -2.3227169897    4.4188790237   -2.2276529744
  -3.1735536497    3.8315888813   -2.2276529744
   0.0168909361    3.4105746931   -3.3076529744
  -0.7796889322    4.1008150782   -3.3076529744
  -1.8229866866    4.2508186494   -3.3076529744
  -2.7817626618    3.8129603329   -3.3076529744
  -1.0167704336    3.3345513755   -4.0982678466
  -2.0967704336    3.3345513755   -4.0982678466
  -2.0773829424   -1.2354968295   -2.8200784129
   0.5591784858    0.7841382547   -3.9000784129
   0.2622249834    1.7954690083   -3.9000784129
  -2.5364286145   -0.6295781388   -3.9000784129
  -1.5776526394   -1.0674364553   -3.9000784129
  -0.5343548849   -0.9174328841   -3.9000784129
   0.2622249834   -0.2271924990   -3.9000784129
  -0.2314363864    0.7841382547   -4.6906932850
  -0.7714363864    1.7194456907   -4.6906932850
  -1.8514363864    1.7194456907   -4.6906932850
  -2.3914363864    0.7841382547   -4.6906932850
  -1.8514363864   -0.1511691814   -4.6906932850
  -0.7714363864   -0.1511691814   -4.6906932850
  -1.3114363864    0.7841382547   -4.9800784129
  -0.5482572259    3.8380612050   -0.8329712274
  -0.2902031668    2.6296036086    1.9259798608
  -1.3702031668    2.6296036086    1.9259798608
  -1.9102031668    1.6942961725    1.9259798608
  -0.0531216654    3.3958673112    1.1353649886
  -1.0964194198    3.5458708825    1.1353649886
  -2.0551953949    3.1080125659    1.1353649886
  -0.5698439375    3.8385473406    0.0553649886
  -1.5961497228    3.7139312567    0.0553649886
   1.9792739251    2.5457752595   -0.0832378462
   1.1826940568    3.2360156446   -0.0832378462
   2.3181975707    2.5382465575   -1.1632378462
   1.6326324082    3.3120896562   -1.1632378462
   0.6659717847    3.6786956739   -1.1632378462
   2.2762274275    1.5344445059   -2.2432378462
   1.9792739251    2.5457752595   -2.2432378462
   1.1826940568    3.2360156446   -2.2432378462
   1.9792739251    0.5231137522   -2.2432378462
   1.4856125553    1.5344445059   -3.0338527184
   0.9456125553    2.4697519420   -3.0338527184
   0.9456125553    0.5991370698   -3.0338527184
  -1.9258685844   -2.2798160716   -1.5071399218
  -2.3350681218   -0.7657881807    1.8290549455
  -3.0499099480   -0.2387750699    1.0384400733
  -3.0499099480   -1.2928012916    1.0384400733
  -2.4800603500   -2.1795045742    1.0384400733
  -2.8718513379   -2.1981331225   -0.0415599267
  -2.0210146778   -2.7854232649   -0.0415599267
  -2.4800603500   -2.1795045742   -1.1215599267
  -0.8241791161   -2.9386022641   -1.3213855067
   0.2021266692   -3.0632183479   -1.3213855067
   1.8123823121   -0.9189671799   -2.4013855067
   1.5154288097    0.0923635738   -2.4013855067
  -1.2832247882   -2.3326835733   -2.4013855067
  -0.3244488131   -2.7705418898   -2.4013855067
   0.7188489413   -2.6205383186   -2.4013855067
   1.5154288097   -1.9302979335   -2.4013855067
   1.0217674399   -0.9189671799   -3.1920003789
  -0.5982325601   -1.8542746159   -3.1920003789
   0.4817674399   -1.8542746159   -3.1920003789
  -0.0582325601   -0.9189671799   -3.4813855067
   1.0314846602   -0.5765502429    4.2077598567
   2.0605112514   -0.5765502429    4.0447780560
   1.5459979558    0.3146129263    4.0447780560
   0.5169713645    0.3146129263    4.0447780560
   0.0024580689   -0.5765502429    4.0447780560
   0.5169713645   -1.4677134122    4.0447780560
   1.5459979558   -1.4677134122    4.0447780560
   2.9888095503   -0.5765502429    3.5717864480
   2.6780911389    0.4816594857    3.5717864480
   1.8445868048    1.2038951024    3.5717864480
   0.7529282850    1.3608519020    3.5717864480
  -0.2502905540    0.9026972096    3.5717864480
  -0.8465548190   -0.0251080971    3.5717864480
  -0.8465548190   -1.1279923888    3.5717864480
  -0.2502905540   -2.0557976955    3.5717864480
   0.7529282850   -2.5139523879    3.5717864480
   1.8445868048   -2.3569955883    3.5717864480
   2.6780911389   -1.6347599716    3.5717864480
   3.7255112514   -0.5765502429    2.8350847469
   3.5204406879    0.4544090999    2.8350847469
   2.9364491315    1.3284142284    2.8350847469
   2.0624440030    1.9124057848    2.8350847469
   1.0314846602    2.1174763483    2.8350847469
   0.0005253173    1.9124057848    2.8350847469
  -0.8734798112    1.3284142284    2.8350847469
  -1.4574713676    0.4544090999    2.8350847469
  -1.6625419311   -0.5765502429    2.8350847469
  -1.4574713676   -1.6075095858    2.8350847469
  -0.8734798112   -2.4815147143    2.8350847469
   0.0005253173   -3.0655062707    2.8350847469
   1.0314846602   -3.2705768342    2.8350847469
   2.0624440030   -3.0655062707    2.8350847469
   2.9364491315   -2.4815147143    2.8350847469
   3.5204406879   -1.6075095858    2.8350847469
   4.1985028594   -0.5765502429    1.9067864480
   4.0269050778    0.4517788853    1.9067864480
   3.5307070152    1.3686725964    1.9067864480
   2.7636794310    2.0747712295    1.9067864480
   1.8089416656    2.4935580417    1.9067864480
   0.7699543702    2.5796509835    1.9067864480
  -1.7538247157    0.9307838127    1.9067864480
  -2.0923395388   -0.0552761800    1.9067864480
  -1.7538247157   -2.0838842986    1.9067864480
  -1.1134784032   -2.9066012577    1.9067864480
  -0.2406920603   -3.4768210349    1.9067864480
   0.7699543702   -3.7327514694    1.9067864480
   1.8089416656   -3.6466585275    1.9067864480
   2.7636794310   -3.2278717154    1.9067864480
   3.5307070152   -2.5217730823    1.9067864480
   4.0269050778   -1.6048793712    1.9067864480
   4.3614846602   -0.5765502429    0.8777598567
   4.1985028594    0.4524763483    0.8777598567
   3.7255112514    1.3807746472    0.8777598567
   2.9888095503    2.1174763483    0.8777598567
   2.0605112514    2.5904679563    0.8777598567
   1.0314846602    2.7534497571    0.8777598567
  -0.9258402300   -3.2705768342    0.8777598567
   0.0024580689   -3.7435684422    0.8777598567
   1.0314846602   -3.9065502429    0.8777598567
   2.0605112514   -3.7435684422    0.8777598567
   2.9888095503   -3.2705768342    0.8777598567
   3.7255112514   -2.5338751331    0.8777598567
   4.1985028594   -1.6055768342    0.8777598567
   4.1985028594   -0.5765502429   -0.1512667345
   4.0269050778    0.4517788853   -0.1512667345
   3.5307070152    1.3686725964   -0.1512667345
   2.7636794310    2.0747712295   -0.1512667345
  -0.2406920603   -3.4768210349   -0.1512667345
   0.7699543702   -3.7327514694   -0.1512667345
   1.8089416656   -3.6466585275   -0.1512667345
   2.7636794310   -3.2278717154   -0.1512667345
   3.5307070152   -2.5217730823   -0.1512667345
   4.0269050778   -1.6048793712   -0.1512667345
   3.7255112514   -0.5765502429   -1.0795650334
   3.5204406879    0.4544090999   -1.0795650334
   2.9364491315    1.3284142284   -1.0795650334
   0.0005253173   -3.0655062707   -1.0795650334
   1.0314846602   -3.2705768342   -1.0795650334
   2.0624440030   -3.0655062707   -1.0795650334
   2.9364491315   -2.4815147143   -1.0795650334
   3.5204406879   -1.6075095858   -1.0795650334
   2.9888095503   -0.5765502429   -1.8162667345
   2.6780911389    0.4816594857   -1.8162667345
   1.8445868048   -2.3569955883   -1.8162667345
   2.6780911389   -1.6347599716   -1.8162667345
   2.0605112514   -0.5765502429   -2.2892583425
  -3.5407526624    0.1135031765    1.2835270810
  -4.2905315450   -0.4552618125    0.7625825480
  -5.5690244601    0.4619271567   -0.0355507814
  -5.1296102551   -0.5250133066   -0.0355507814
  -5.5396237284    2.5574010010   -1.0146062484
  -5.9318410361    1.5449714240   -1.0146062484
  -5.9318410361    0.4592237254   -1.0146062484
  -5.5396237284   -0.5532058516   -1.0146062484
  -3.8362387504    3.8437376260   -2.0564953144
  -5.5396237284   -0.5532058516   -2.0564953144
  -3.3021570916   -0.9066373012   -3.8336841107
  -5.1793877186    3.0867021843   -1.7966607283
  -5.8286407263    2.2725646636   -1.7966607283
  -6.0603564419    1.2573517806   -1.7966607283
  -4.2411899396    3.5385144221   -2.8647612113
  -5.1793877186    3.0867021843   -2.8647612113
  -5.8286407263    2.2725646636   -2.8647612113
  -6.0603564419    1.2573517806   -2.8647612113
  -5.8286407263    0.2421388976   -2.8647612113
  -3.9875683830    3.1146483373   -3.8270864942
  -4.9493072249    2.6754369248   -3.8270864942
  -5.5209178062    1.7859934988   -3.8270864942
  -5.5209178062    0.7287100624   -3.8270864942
  -4.9493072249   -0.1607333636   -3.8270864942
  -3.1998689657    2.1591621974   -4.4930362527
  -4.2411899396    2.1591621974   -4.4930362527
  -4.7618504266    1.2573517806   -4.4930362527
  -4.2411899396    0.3555413637   -4.4930362527
  -3.1998689657    0.3555413637   -4.4930362527
  -3.7205294527    1.2573517806   -4.7307109698
  -3.6693371846   -0.9586210634    0.8318757491
  -4.9490650512   -0.5854523647    0.1659259906
  -4.3774544699   -1.4748957908    0.1659259906
  -3.4157156281   -1.9141072032    0.1659259906
  -5.2567879713   -1.0720235295   -0.7963992924
  -4.6075349636   -1.8861610503   -0.7963992924
  -3.6693371846   -2.3379732880   -0.7963992924
  -5.2567879713   -1.0720235295   -1.8644997754
  -4.6075349636   -1.8861610503   -1.8644997754
  -3.6693371846   -2.3379732880   -1.8644997754
  -2.6280162108   -2.3379732880   -1.8644997754
  -4.3774544699   -1.4748957908   -2.8268250583
  -3.4157156281   -1.9141072032   -2.8268250583
  -2.3691938126   -1.7636400820   -2.8268250583
  -3.3290747525    1.5487787164    1.7534556565
  -2.8084142655    2.4505891333    1.5157809395
  -3.8497352394    2.4505891333    1.5157809395
  -4.3703957263    1.5487787164    1.5157809395
  -3.8497352394    0.6469682995    1.5157809395
  -2.8084142655    0.6469682995    1.5157809395
  -2.5495918674    3.2556081518    0.8498311810
  -3.5961136828    3.4060752731    0.8498311810
  -4.5578525247    2.9668638606    0.8498311810
  -5.1294631060    2.0774204346    0.8498311810
  -5.1294631060    1.0201369982    0.8498311810
  -2.8084142655    3.8299413579   -0.1124941020
  -3.8497352394    3.8299413579   -0.1124941020
  -4.7879330184    3.3781291201   -0.1124941020
  -5.4371860260    2.5639915994   -0.1124941020
  -5.6689017417    1.5487787164   -0.1124941020
   0.7797935125    2.4098973758   -3.4369627832
   0.0285748336    2.3957162354   -4.2350961125
  -2.8564763065    2.8105239665   -4.2350961125
  -1.0806369940    2.2417589774   -4.7560406455
  -2.1066974240    2.2417589774   -4.7560406455
  -2.6197276389    1.3531645792   -4.7560406455
  -1.8238093640    4.2565404961   -0.7312774500
  -0.0979121677    4.2285943432   -1.6936027329
  -1.0361099467    4.6804065809   -1.6936027329
  -2.0774309206    4.6804065809   -1.6936027329
  -3.0156286995    4.2285943432   -1.6936027329
   0.5513408399    3.4144568224   -2.7617032159
  -0.0979121677    4.2285943432   -2.7617032159
  -1.0361099467    4.6804065809   -2.7617032159
  -2.0774309206    4.6804065809   -2.7617032159
  -3.0156286995    4.2285943432   -2.7617032159
   0.0217539585    3.4136999678   -3.7240284989
  -0.7772875485    4.1060733749   -3.7240284989
  -1.8238093640    4.2565404961   -3.7240284989
  -2.7855482059    3.8173290837   -3.7240284989
  -1.0361099467    3.3010543563   -4.3899782574
  -2.0774309206    3.3010543563   -4.3899782574
  -1.8320968733   -1.4970243868   -3.3541286543
   0.5649591716    0.7841382547   -4.3164539373
   0.2670880057    1.7985942830   -4.3164539373
  -2.5402141586   -0.6339468896   -4.3164539373
  -1.5784753167   -1.0731583020   -4.3164539373
  -0.5319535013   -0.9226911808   -4.3164539373
   0.2670880057   -0.2303177737   -4.3164539373
  -0.2701154125    0.7841382547   -4.9824036958
  -0.7907758994    1.6859486715   -4.9824036958
  -1.8320968733    1.6859486715   -4.9824036958
  -2.3527573602    0.7841382547   -4.9824036958
  -1.8320968733   -0.1176721622   -4.9824036958
  -0.7907758994   -0.1176721622   -4.9824036958
  -1.3114363864    0.7841382547   -5.2200784129
   0.7686425398    3.7827524536   -0.3120266944
  -0.2756574387    4.0798814152   -0.3120266944
  -1.3508636538    2.5961065894    2.2176902716
  -1.8715241407    1.6942961725    2.2176902716
  -0.0507202817    3.4011256079    1.5517405131
  -1.0972420972    3.5515927292    1.5517405131
  -2.0589809390    3.1123813167    1.5517405131
  -2.6305915204    2.2229378907    1.5517405131
   0.6286550991    3.5236465762    0.5894152301
  -0.3095426799    3.9754588140    0.5894152301
  -1.3508636538    3.9754588140    0.5894152301
  -2.2890614327    3.5236465762    0.5894152301
   2.5137238289    2.5496573888   -0.6291876048
   1.8644708212    3.3637949096   -0.6291876048
   0.9262730423    3.8156071473   -0.6291876048
   2.7454395445    1.5344445059   -1.6972880877
   2.5137238289    2.5496573888   -1.6972880877
   1.8644708212    3.3637949096   -1.6972880877
   0.9262730423    3.8156071473   -1.6972880877
   2.2820081132    1.5344445059   -2.6596133707
   1.9841369474    2.5489005342   -2.6596133707
   1.1850954404    3.2412739413   -2.6596133707
   1.9841369474    0.5199884776   -2.6596133707
   1.4469335292    1.5344445059   -3.3255631292
   0.9262730423    2.4362549227   -3.3255631292
  -1.1791053274   -3.1711972407   -0.9948391874
  -1.6696271300   -2.5795571893   -1.9738946544
  -2.4838458941    0.6522969635    1.4548155978
  -3.0554564754   -0.2371464626    1.4548155978
  -3.0554564754   -1.2944298989    1.4548155978
  -2.4838458941   -2.1838733250    1.4548155978
  -3.3631793954   -1.7810010637    0.4924903148
  -2.7139263877   -2.5951385845    0.4924903148
  -1.7757286088   -3.0469508222    0.4924903148
  -2.7139263877   -2.5951385845   -0.5756101682
  -1.7757286088   -3.0469508222   -0.5756101682
  -1.5170908260   -2.7483175836   -1.8554357482
  -0.5788930471   -3.2001298213   -1.8554357482
   0.4624279268   -3.2001298213   -1.8554357482
   1.8181629978   -0.9189671799   -2.8177610312
   1.5202918320    0.0954888484   -2.8177610312
  -1.2870103324   -2.3370523241   -2.8177610312
  -0.3252714905   -2.7762637365   -2.8177610312
   0.7212503250   -2.6257966153   -2.8177610312
   1.5202918320   -1.9334232082   -2.8177610312
   0.9830884138   -0.9189671799   -3.4837107897
  -0.5788930471   -1.8207775967   -3.4837107897
   0.4624279268   -1.8207775967   -3.4837107897
   1.0314846602   -0.5765502429    4.5777598567
   2.0738951205   -0.5765502429    4.4278838591
   1.5526898903    0.3262036969    4.4278838591
   0.5102794300    0.3262036969    4.4278838591
  -0.0109258002   -0.5765502429    4.4278838591
   0.5102794300   -1.4793041827    4.4278838591
   1.5526898903   -1.4793041827    4.4278838591
   3.0318556847   -0.5765502429    3.9903979282
   2.7638567844    0.4236352693    3.9903979282
   2.0316701724    1.1558218813    3.9903979282
   1.0314846602    1.4238207816    3.9903979282
   0.0312991479    1.1558218813    3.9903979282
  -0.7008874641    0.4236352693    3.9903979282
  -0.9688863644   -0.5765502429    3.9903979282
  -0.7008874641   -1.5767357552    3.9903979282
   0.0312991479   -2.3089223672    3.9903979282
   1.0314846602   -2.5769212675    3.9903979282
   2.0316701724   -2.3089223672    3.9903979282
   2.7638567844   -1.5767357552    3.9903979282
   3.8277580853   -0.5765502429    3.3007445723
   3.6389319749    0.4335802283    3.3007445723
   3.0979556563    1.3072869820    3.3007445723
   2.2778909790    1.9265710798    3.3007445723
   1.2894922217    2.2077947727    3.3007445723
   0.2662481136    2.1129772426    3.3007445723
  -0.6536465586    1.6549241225    3.3007445723
  -1.3459549221    0.8954980242    3.3007445723
  -1.7171768961   -0.0627363494    3.3007445723
  -1.7171768961   -1.0903641365    3.3007445723
  -1.3459549221   -2.0485985101    3.3007445723
  -0.6536465586   -2.8080246084    3.3007445723
   0.2662481136   -3.2660777285    3.3007445723
   1.2894922217   -3.3608952586    3.3007445723
   2.2778909790   -3.0796715657    3.3007445723
   3.0979556563   -2.4603874679    3.3007445723
   3.6389319749   -1.5866807141    3.3007445723
   4.3971230430   -0.5765502429    2.4147954048
   4.2323969756    0.4634892143    2.4147954048
   3.7543433088    1.4017223630    2.4147954048
   3.0097572661    2.1463084057    2.4147954048
   2.0715241174    2.6243620725    2.4147954048
   1.0314846602    2.7890881399    2.4147954048
  -0.0085547971    2.6243620725    2.4147954048
  -0.9467879458    2.1463084057    2.4147954048
  -1.6913739885    1.4017223630    2.4147954048
  -2.1694276553    0.4634892143    2.4147954048
  -2.3341537227   -0.5765502429    2.4147954048
  -2.1694276553   -1.6165897002    2.4147954048
  -1.6913739885   -2.5548228489    2.4147954048
  -0.9467879458   -3.2994088916    2.4147954048
  -0.0085547971   -3.7774625584    2.4147954048
   1.0314846602   -3.9421886258    2.4147954048
   2.0715241174   -3.7774625584    2.4147954048
   3.0097572661   -3.2994088916    2.4147954048
   3.7543433088   -2.5548228489    2.4147954048
   4.2323969756   -1.6165897002    2.4147954048
   4.6938239951   -0.5765502429    1.4043247583
   4.5454735190    0.4552499819    1.4043247583
   4.1124405641    1.4034598889    1.4043247583
   3.4298068850    2.1912611506    1.4043247583
   2.5528754026    2.7548307940    1.4043247583
   1.5526898903    3.0485117582    1.4043247583
  -2.0494712438   -2.5565603748    1.4043247583
  -1.3668375647   -3.3443616365    1.4043247583
  -0.4899060823   -3.9079312799    1.4043247583
   0.5102794300   -4.2016122441    1.4043247583
   1.5526898903   -4.2016122441    1.4043247583
   2.5528754026   -3.9079312799    1.4043247583
   3.4298068850   -3.3443616365    1.4043247583
   4.1124405641   -2.5565603748    1.4043247583
   4.5454735190   -1.6083504678    1.4043247583
   4.6938239951   -0.5765502429    0.3511949551
   4.5454735190    0.4552499819    0.3511949551
   4.1124405641    1.4034598889    0.3511949551
   3.4298068850    2.1912611506    0.3511949551
   2.5528754026    2.7548307940    0.3511949551
   1.5526898903    3.0485117582    0.3511949551
  -1.3668375647   -3.3443616365    0.3511949551
  -0.4899060823   -3.9079312799    0.3511949551
   0.5102794300   -4.2016122441    0.3511949551
   1.5526898903   -4.2016122441    0.3511949551
   2.5528754026   -3.9079312799    0.3511949551
   3.4298068850   -3.3443616365    0.3511949551
   4.1124405641   -2.5565603748    0.3511949551
   4.5454735190   -1.6083504678    0.3511949551
   4.3971230430   -0.5765502429   -0.6592756914
   4.2323969756    0.4634892143   -0.6592756914
   3.7543433088    1.4017223630   -0.6592756914
   3.0097572661    2.1463084057   -0.6592756914
  -0.9467879458   -3.2994088916   -0.6592756914
  -0.0085547971   -3.7774625584   -0.6592756914
   1.0314846602   -3.9421886258   -0.6592756914
   2.0715241174   -3.7774625584   -0.6592756914
   3.0097572661   -3.2994088916   -0.6592756914
   3.7543433088   -2.5548228489   -0.6592756914
   4.2323969756   -1.6165897002   -0.6592756914
   3.8277580853   -0.5765502429   -1.5452248589
   3.6389319749    0.4335802283   -1.5452248589
   3.0979556563    1.3072869820   -1.5452248589
   1.2894922217   -3.3608952586   -1.5452248589
   2.2778909790   -3.0796715657   -1.5452248589
   3.0979556563   -2.4603874679   -1.5452248589
   3.6389319749   -1.5866807141   -1.5452248589
   3.0318556847   -0.5765502429   -2.2348782147
   2.7638567844    0.4236352693   -2.2348782147
   2.0316701724   -2.3089223672   -2.2348782147
   2.7638567844   -1.5767357552   -2.2348782147
   2.0738951205   -0.5765502429   -2.6723641456
