    0.0076385607
    0.0050307458
    0.0108866176
    0.0053853883
    0.0061563952
    0.0063197415
    0.0084262477
    0.0067561947
    0.0101214692
    0.0105948653
    0.0104403211
    0.0112152664
    0.0101076410
    0.0118818288
    0.0127354827
    0.0120317587
    0.0131251646
    0.0110086763
    0.0105802666
    0.0166491886
    0.0091938198
    0.0144054000
    0.0195207849
    0.0074942738
    0.0132010917
    0.0116921137
    0.0088847395
    0.0114844569
    0.0132992284
    0.0113761577
    0.0057136964
    0.0142143508
    0.0112604488
    0.0094312918
    0.0072417080
    0.0085531406
    0.0056447869
    0.0141432135
    0.0115611443
    0.0104550059
    0.0128788730
    0.0122442745
    0.0126751956
    0.0115963529
    0.0113861460
    0.0122719794
    0.0130637749
    0.0119730097
    0.0082090870
    0.0109143449
    0.0106469172
    0.0079599377
    0.0236598268
    0.0127823886
    0.0168433382
    0.0202403361
    0.0174974616
    0.0125256853
    0.0129334336
    0.0155985163
    0.0129378880
    0.0086020842
    0.0098793987
    0.0122239629
    0.0089192613
    0.0184261306
    0.0012725579
    0.0090868024
    0.0042840866
    0.0102683799
    0.0186416054
   -0.0071942276
    0.0029228021
    0.0096615044
    0.0136063147
    0.0115388308
    0.0161824381
   -0.0021244396
   -0.0015089142
    0.0037887863
    0.0066347621
    0.0050231168
    0.0073579276
    0.0095301851
    0.0114235071
    0.0171951341
    0.0114821792
    0.0121506688
    0.0137730721
    0.0087442121
    0.0246628121
    0.0128544691
    0.0134894767
    0.0192037081
    0.0128793821
    0.0190880691
    0.0199432106
    0.0230387151
    0.0170294983
    0.0256468862
    0.0120574426
    0.0207688043
    0.0168857765
    0.0130475372
    0.0087643766
    0.0097158584
    0.0221333862
    0.0195413036
    0.0179376022
    0.0233503056
    0.0225703458
   -0.0192522627
   -0.0232027492
   -0.0186776698
   -0.0121505866
   -0.0149337807
   -0.0217273990
   -0.0235377945
   -0.0218121657
   -0.0235699112
   -0.0196985638
   -0.0123107985
   -0.0080017994
   -0.0108504351
   -0.0179653463
   -0.0227694190
   -0.0221534948
   -0.0194187347
   -0.0189087768
   -0.0120943358
   -0.0209122968
   -0.0239095741
   -0.0207482237
   -0.0148189644
   -0.0111008713
   -0.0125508619
   -0.0178147046
   -0.0223391844
   -0.0218277291
   -0.0148505857
   -0.0068506960
   -0.0028625520
   -0.0032727977
   -0.0114192142
   -0.0206752285
   -0.0238768568
   -0.0225161029
   -0.0196198290
   -0.0182818018
   -0.0196546844
   -0.0221471187
   -0.0225280937
   -0.0183391883
   -0.0016604097
   -0.0148994081
   -0.0217090629
   -0.0235045457
   -0.0234149831
   -0.0234229543
   -0.0222225356
   -0.0159746881
   -0.0077315694
   -0.0169915691
   -0.0198614583
   -0.0180532975
   -0.0085202059
   -0.0040318846
   -0.0003029516
    0.0141597009
    0.0043472783
    0.0042201672
    0.0055939743
    0.0070201030
    0.0123320115
    0.0102594142
    0.0059224035
    0.0076485068
    0.0071428589
    0.0072524493
    0.0068356784
    0.0080329505
    0.0071781854
    0.0102997186
    0.0094272437
    0.0095507837
    0.0091842657
    0.0096004201
    0.0092360181
    0.0105975136
    0.0100808205
    0.0103547040
    0.0104378810
    0.0102143248
    0.0097096697
    0.0090503121
    0.0137245186
    0.0084581330
    0.0120013692
    0.0160588649
    0.0075347578
    0.0110254929
    0.0149172841
    0.0212244119
    0.0106980925
    0.0094725902
    0.0078196728
    0.0094590482
    0.0120910492
    0.0119765040
    0.0101888132
    0.0088859564
    0.0058714148
    0.0110305901
    0.0094099849
    0.0081197977
    0.0067087586
    0.0112322248
    0.0085581274
    0.0069071642
    0.0055950710
    0.0045697699
    0.0091509886
    0.0090863522
    0.0119162599
    0.0101514430
    0.0103705708
    0.0101345509
    0.0103636534
    0.0106872767
    0.0102455418
    0.0093068380
    0.0101673421
    0.0103854297
    0.0100029153
    0.0081095176
    0.0090717019
    0.0089778939
    0.0074184646
    0.0160921038
    0.0111092585
    0.0136883405
    0.0157135858
    0.0148395432
    0.0116909578
    0.0088634263
    0.0110686677
    0.0126136266
    0.0118237639
    0.0092581825
    0.0080129000
    0.0093658516
    0.0103690931
   -0.0020380900
    0.0047278490
   -0.0050341445
    0.0037479217
    0.0066864513
    0.0133205719
   -0.0044971861
    0.0034725069
    0.0080387012
    0.0108909441
    0.0044798250
    0.0085129108
    0.0115521344
   -0.0036283495
    0.0011017448
   -0.0010449733
    0.0032108211
    0.0055350287
    0.0079527407
    0.0066856215
    0.0056549006
    0.0074368972
    0.0089525101
    0.0104070633
    0.0097606386
    0.0206632976
    0.0069541267
    0.0084037680
    0.0132812447
    0.0078529534
    0.0138564715
    0.0145014911
    0.0172507830
    0.0131420072
    0.0075889893
    0.0158745717
    0.0126439955
    0.0076726955
    0.0180772044
    0.0150327161
    0.0121595871
    0.0091771187
    0.0081678911
    0.0126278497
    0.0188805774
    0.0165101507
    0.0149498134
    0.0166020699
    0.0189659058
   -0.0161297411
   -0.0181136203
   -0.0157945277
   -0.0122848730
   -0.0137280728
   -0.0172817090
   -0.0181859186
   -0.0172225658
   -0.0183103269
   -0.0161289548
   -0.0119076777
   -0.0094250446
   -0.0109978074
   -0.0149915248
   -0.0176533049
   -0.0172077303
   -0.0156113685
   -0.0154333647
   -0.0116534092
   -0.0166071850
   -0.0185389760
   -0.0169992550
   -0.0135087137
   -0.0105938627
   -0.0102410200
   -0.0126000662
   -0.0158993813
   -0.0176299374
   -0.0160447255
   -0.0114701240
   -0.0074922700
   -0.0056496468
   -0.0067551825
   -0.0009220735
   -0.0108286454
   -0.0166678266
   -0.0186217475
   -0.0175691708
   -0.0152571617
   -0.0136473617
   -0.0138871425
   -0.0156575465
   -0.0173616593
   -0.0170738844
   -0.0134396650
   -0.0031064984
   -0.0119925664
   -0.0168409254
   -0.0183821546
   -0.0179961366
   -0.0173362715
   -0.0173740261
   -0.0177619283
   -0.0169944673
   -0.0134552220
    0.0045710047
   -0.0062421084
   -0.0132575213
   -0.0166512107
   -0.0177448036
   -0.0177375467
   -0.0165190500
   -0.0123307521
   -0.0016812961
   -0.0098731470
   -0.0125464350
   -0.0107790152
    0.0004748460
    0.0031898768
    0.0061631087
    0.0044074330
    0.0072288028
    0.0055896497
    0.0046831127
    0.0058817817
    0.0077962560
    0.0111982294
    0.0097719700
    0.0056003097
    0.0068697232
    0.0064667051
    0.0063747499
    0.0060353424
    0.0071586161
    0.0069532817
    0.0089087953
    0.0082628347
    0.0081728058
    0.0078202277
    0.0084294765
    0.0086189614
    0.0090996936
    0.0089698831
    0.0090769322
    0.0086985493
    0.0079331820
    0.0114290643
    0.0074828145
    0.0101519567
    0.0134156713
    0.0069996284
    0.0095715062
    0.0128076893
    0.0102036439
    0.0078902882
    0.0067811981
    0.0086484919
    0.0084841647
    0.0074060170
    0.0055221992
    0.0088728473
    0.0077019499
    0.0067076922
    0.0057817543
    0.0091781070
    0.0072343999
    0.0059985266
    0.0050671753
    0.0081038514
    0.0072699586
    0.0084107374
    0.0083996157
    0.0088852862
    0.0091419339
    0.0086017541
    0.0089503479
    0.0091157807
    0.0088203825
    0.0082453826
    0.0083787783
    0.0088611656
    0.0089408505
    0.0091171175
    0.0074220619
    0.0080665481
    0.0083465616
    0.0100682091
    0.0120824849
    0.0138399515
    0.0137083072
    0.0113052112
    0.0090865283
    0.0098735563
    0.0110394313
    0.0103114646
    0.0083143905
    0.0075299489
    0.0086533369
    0.0091782095
    0.0004623578
    0.0067873115
    0.0027696673
    0.0020270632
    0.0049134659
   -0.0014041623
    0.0040089324
    0.0073186224
    0.0098303778
    0.0052812252
    0.0083143454
   -0.0021050714
   -0.0001582722
    0.0030032319
    0.0052455360
    0.0035169980
    0.0048669171
    0.0065717697
    0.0085537951
    0.0090147146
    0.0082911943
    0.0139004477
    0.0040938695
    0.0057028632
    0.0103719262
    0.0057682589
    0.0113149743
    0.0116866761
    0.0144245139
    0.0109201830
    0.0060633019
    0.0139955674
    0.0109057067
    0.0059840363
    0.0158977521
    0.0128200056
    0.0099856132
    0.0071161707
    0.0053020127
    0.0071492621
    0.0164012213
    0.0137412403
    0.0121691669
    0.0140391095
    0.0164094557
   -0.0134428987
   -0.0143990072
   -0.0132779518
   -0.0113597709
   -0.0121039938
   -0.0139356622
   -0.0143247997
   -0.0136841073
   -0.0145208883
   -0.0133813608
   -0.0109629921
   -0.0095020721
   -0.0103687845
   -0.0126013331
   -0.0139885888
   -0.0135294743
   -0.0124826611
   -0.0124517824
   -0.0102491609
   -0.0132353411
   -0.0146348903
   -0.0140443132
   -0.0121243596
   -0.0101516703
   -0.0093266186
   -0.0100984516
   -0.0119107533
   -0.0135311023
   -0.0137361785
   -0.0119793518
   -0.0091065758
   -0.0069843265
   -0.0062272477
   -0.0073129987
   -0.0035951389
   -0.0092483172
   -0.0130382629
   -0.0146680612
   -0.0144303743
   -0.0130779524
   -0.0116097815
   -0.0108879597
   -0.0112684324
   -0.0124429508
   -0.0135815772
   -0.0137043915
   -0.0120203489
   -0.0078290632
    0.0033949948
    0.0022052295
   -0.0034603081
   -0.0094656316
   -0.0130341432
   -0.0145385381
   -0.0145399393
   -0.0138384940
   -0.0132255893
   -0.0131628969
   -0.0135771099
   -0.0138828113
   -0.0132483054
   -0.0110377877
   -0.0069937913
    0.0024248937
   -0.0050243749
   -0.0100694509
   -0.0129694466
   -0.0141862220
   -0.0144350312
   -0.0143669178
   -0.0142241891
   -0.0136736111
   -0.0119029542
   -0.0080016432
   -0.0004980422
   -0.0068923371
   -0.0106867400
   -0.0124528726
   -0.0128671532
   -0.0120975990
   -0.0094562507
    0.0018371327
   -0.0051136937
   -0.0074429013
   -0.0058530973
    0.0030056007
    0.0050809336
    0.0059729368
    0.0056749870
    0.0045617564
    0.0082588761
    0.0047214855
    0.0043720743
    0.0044393321
    0.0055390224
    0.0066221255
    0.0051238986
    0.0076924599
    0.0053365957
    0.0051329713
    0.0049371698
    0.0058628638
    0.0068320809
    0.0065445313
    0.0063857916
    0.0061091192
    0.0068785369
    0.0070118864
    0.0082552052
    0.0076825190
    0.0074931876
    0.0072239090
    0.0077161274
    0.0081736141
    0.0082127521
    0.0079851265
    0.0082514073
    0.0080011269
    0.0072059722
    0.0101092834
    0.0068884633
    0.0089955556
    0.0118452000
    0.0066600478
    0.0085407290
    0.0108843639
    0.0066398352
    0.0085116152
    0.0112592456
    0.0065969736
    0.0060590708
    0.0073435468
    0.0071054350
    0.0063616633
    0.0054688533
    0.0077230715
    0.0068194195
    0.0060887820
    0.0054734811
    0.0076753296
    0.0065482781
    0.0057348234
    0.0050633878
    0.0078958108
    0.0074028855
    0.0069955467
    0.0078515336
    0.0079386980
    0.0085364129
    0.0074320192
    0.0078161502
    0.0080006213
    0.0075594725
    0.0075854994
    0.0079011280
    0.0080236486
    0.0080218809
    0.0072541218
    0.0072937076
    0.0076558167
    0.0078680805
    0.0083556343
    0.0068613763
    0.0072427054
    0.0076962771
    0.0141917351
    0.0116789326
    0.0092744852
    0.0104938111
    0.0115055863
    0.0112057340
    0.0095617701
    0.0080278259
    0.0088882747
    0.0095976525
    0.0090063471
    0.0076710106
    0.0072569192
    0.0080446020
    0.0082906549
    0.0029158499
    0.0058921999
    0.0002215069
    0.0027337028
   -0.0028447422
    0.0022901311
    0.0053173261
    0.0073189027
    0.0012807818
    0.0046645210
    0.0071499831
   -0.0017407592
    0.0014168679
   -0.0001010295
    0.0025254306
    0.0045211012
    0.0067276885
    0.0041549084
    0.0047684899
    0.0061398748
    0.0083885649
    0.0075478858
    0.0070022968
    0.0128871843
    0.0068701467
    0.0085356497
    0.0084202607
    0.0106370107
    0.0076448193
    0.0107889831
    0.0105350968
    0.0070747538
    0.0034617291
    0.0141470987
    0.0115658768
    0.0091633937
    0.0069578682
    0.0058070974
    0.0073879911
    0.0145580254
    0.0120546136
    0.0107840683
    0.0125204800
   -0.0113089816
   -0.0117243671
   -0.0112529861
   -0.0101991228
   -0.0105685707
   -0.0114697711
   -0.0115771588
   -0.0111012089
   -0.0118000881
   -0.0114686124
   -0.0102616437
   -0.0091849914
   -0.0091432406
   -0.0101023905
   -0.0111380498
   -0.0113290158
   -0.0106851424
   -0.0100804452
   -0.0102300922
   -0.0088220275
   -0.0107568039
   -0.0118359275
   -0.0117470627
   -0.0107622224
   -0.0095301843
   -0.0087502769
   -0.0088250544
   -0.0096580188
   -0.0107067148
   -0.0112581443
   -0.0107796722
   -0.0092592176
   -0.0074499100
   -0.0062674750
   -0.0060255967
   -0.0069334647
   -0.0045230645
   -0.0080631786
   -0.0106261511
   -0.0118727650
   -0.0119027362
   -0.0111211413
   -0.0101071980
   -0.0094158660
   -0.0093705574
   -0.0099374210
   -0.0107402506
   -0.0112102110
   -0.0107900126
   -0.0090613500
   -0.0058656403
   -0.0022070779
   -0.0001609642
    0.0006262754
    0.0006602464
   -0.0010869632
    0.0017303156
   -0.0038339875
   -0.0079146666
   -0.0105140517
   -0.0117734312
   -0.0119710616
   -0.0115303305
   -0.0109309824
   -0.0105651186
   -0.0106053567
   -0.0109428757
   -0.0112243484
   -0.0109804881
   -0.0097954517
   -0.0073512534
    0.0009208631
   -0.0044596283
   -0.0081635074
   -0.0104479383
   -0.0115543797
   -0.0118423576
   -0.0117319537
   -0.0115700512
   -0.0115021209
   -0.0114088545
   -0.0109374633
   -0.0096326697
   -0.0071838213
    0.0051941344
   -0.0009181725
   -0.0054853061
   -0.0085555355
   -0.0103138970
   -0.0111208743
   -0.0113554024
   -0.0112258086
   -0.0106416062
   -0.0091924394
   -0.0062216919
    0.0029944282
   -0.0025396942
   -0.0062029071
   -0.0082359007
   -0.0090141680
   -0.0087228423
   -0.0071344821
   -0.0034394822
   -0.0010724621
   -0.0037771808
   -0.0036873226
   -0.0005042832
    0.0042188524
    0.0058833975
