    0.0097419734
    0.0036911530
    0.0092891943
    0.0080354518
    0.0058923044
    0.0105056793
    0.0109802137
    0.0068746177
    0.0109654040
    0.0121866281
    0.0114613959
    0.0054700521
    0.0091857306
    0.0104079859
    0.0105199326
    0.0057576137
    0.0098105924
    0.0139759786
    0.0120719876
    0.0089352127
    0.0055655566
    0.0150287598
    0.0112084650
    0.0094391162
    0.0059448805
    0.0075578975
    0.0062401397
    0.0037942430
    0.0062017855
    0.0056167560
    0.0053423202
    0.0047185320
    0.0056486909
    0.0137613471
    0.0104635627
    0.0094349715
    0.0090407883
    0.0114065639
    0.0116815171
    0.0108254689
    0.0167660256
    0.0112635780
    0.0136475085
    0.0198150031
    0.0109791180
    0.0133035941
    0.0160690574
    0.0221650156
    0.0199538680
    0.0127522548
    0.0162100200
    0.0143354858
    0.0155320337
    0.0197267026
    0.0154844423
    0.0127469838
    0.0132515820
    0.0156722811
    0.0113128994
    0.0108200446
    0.0126747404
    0.0199928167
    0.0221571268
    0.0142368899
    0.0115238671
    0.0091732567
    0.0139181350
   -0.0053243410
    0.0052454608
    0.0110310212
    0.0000189373
    0.0068285845
   -0.0014557165
    0.0062778199
    0.0011224795
    0.0035749480
    0.0109270476
    0.0138342127
    0.0116693599
    0.0095531413
    0.0190004159
    0.0125355175
    0.0127350524
    0.0206787051
    0.0224072982
    0.0187549481
    0.0213895151
    0.0177612393
    0.0117641621
    0.0214651895
    0.0181011456
    0.0116193266
    0.0223765249
    0.0188163088
    0.0110209992
    0.0205402693
    0.0161498881
    0.0127835946
   -0.0096985206
   -0.0206534359
   -0.0214095499
   -0.0129150612
   -0.0090308437
   -0.0235649012
   -0.0225746043
   -0.0232925660
   -0.0218879474
   -0.0105230616
   -0.0089449698
   -0.0213478102
   -0.0207026862
   -0.0165532188
   -0.0170770579
   -0.0213927934
   -0.0227104090
   -0.0131401837
   -0.0035204652
   -0.0191736265
   -0.0239457019
   -0.0165865901
   -0.0106174143
   -0.0099314130
   -0.0149811978
   -0.0212633677
   -0.0222189369
   -0.0131496319
   -0.0130450244
   -0.0228953748
   -0.0227835919
   -0.0153280287
   -0.0090203534
   -0.0097450536
   -0.0166421800
   -0.0225105326
   -0.0198222885
   -0.0099639481
   -0.0222120913
   -0.0224706812
   -0.0180541605
   -0.0137624769
   -0.0165970138
   -0.0221422835
   -0.0207504521
    0.0027402019
   -0.0075721456
   -0.0201166922
   -0.0232590393
   -0.0221858083
   -0.0214621019
   -0.0228420596
   -0.0168315821
   -0.0162336461
   -0.0227086883
   -0.0231057533
    0.0091599899
    0.0056962559
    0.0087986173
    0.0041718860
    0.0032645455
    0.0030260854
    0.0027372302
    0.0052226941
    0.0082672285
    0.0075097849
    0.0072138325
    0.0090410514
    0.0101246316
    0.0046300479
    0.0075325815
    0.0095192470
    0.0100751316
    0.0101181392
    0.0043543282
    0.0070128800
    0.0089263955
    0.0096614357
    0.0098224630
    0.0054634536
    0.0072865185
    0.0080420113
    0.0053480517
    0.0087012733
    0.0119885344
    0.0102202057
    0.0084228125
    0.0062660821
    0.0097726909
    0.0084401881
    0.0065842805
    0.0044297719
    0.0087328098
    0.0073655450
    0.0063623074
    0.0046859946
    0.0050944983
    0.0043813630
    0.0032771834
    0.0032331341
    0.0064012183
    0.0056767843
    0.0055242310
    0.0053076352
    0.0054139817
    0.0069463162
    0.0105327484
    0.0111902416
    0.0089769051
    0.0079582168
    0.0077271006
    0.0082896467
    0.0102380965
    0.0093923977
    0.0097327514
    0.0097931890
    0.0120466789
    0.0182390570
    0.0100318791
    0.0107163361
    0.0123414696
    0.0154449345
    0.0102926040
    0.0121301823
    0.0144712089
    0.0164135187
    0.0106038213
    0.0118132547
    0.0140959531
    0.0125835499
    0.0131099100
    0.0163722078
    0.0139365782
    0.0116655933
    0.0111577049
    0.0119734883
    0.0140720220
    0.0145291074
    0.0120463301
    0.0095446610
    0.0101569183
    0.0106158540
    0.0128158690
    0.0185300245
    0.0099556435
    0.0142986506
    0.0122925393
    0.0097922405
    0.0067268866
    0.0103161895
    0.0133459653
    0.0025350453
    0.0079870861
   -0.0067521455
    0.0023439190
    0.0070372312
   -0.0056429244
    0.0022579158
    0.0061747774
   -0.0016319282
   -0.0038032623
    0.0034970070
    0.0087047082
    0.0144465214
    0.0148228205
   -0.0002496297
    0.0008142325
    0.0064737296
    0.0103892856
    0.0107289519
    0.0074798549
    0.0067659590
    0.0082961180
    0.0148925459
    0.0097158344
    0.0092233616
    0.0146603973
    0.0184527645
    0.0174386825
    0.0141797140
    0.0122833006
    0.0172085563
    0.0140093143
    0.0087239950
    0.0118542737
    0.0172115668
    0.0139107003
    0.0084110429
    0.0187673854
    0.0159879982
    0.0118218400
    0.0038178070
    0.0172096167
    0.0133515013
    0.0056376818
    0.0161872652
    0.0151012279
    0.0100946987
    0.0088164126
   -0.0061661569
   -0.0145968713
   -0.0152059114
   -0.0083860387
   -0.0056109340
   -0.0181304805
   -0.0181994424
   -0.0180714535
   -0.0155988976
   -0.0064207837
   -0.0052565819
   -0.0151743054
   -0.0177874495
   -0.0160935931
   -0.0160279200
   -0.0174868083
   -0.0174826466
   -0.0119102737
   -0.0040662072
   -0.0144031519
   -0.0183816176
   -0.0156488948
   -0.0125403171
   -0.0118474220
   -0.0140485558
   -0.0170076828
   -0.0171079477
   -0.0107763785
    0.0033973620
   -0.0103465352
   -0.0174085667
   -0.0184124237
   -0.0139753074
   -0.0102310547
   -0.0094194608
   -0.0120548931
   -0.0159644559
   -0.0175145913
   -0.0137142783
    0.0018678357
   -0.0119956637
   -0.0179820115
   -0.0177680732
   -0.0141503277
   -0.0107295999
   -0.0106412716
   -0.0138451159
   -0.0171627964
   -0.0165270760
   -0.0093313098
   -0.0105974249
   -0.0174775608
   -0.0177778050
   -0.0159940420
   -0.0138276565
   -0.0151579716
   -0.0175162165
   -0.0154127790
    0.0000843282
   -0.0068790409
   -0.0153070578
   -0.0182124804
   -0.0178562376
   -0.0174942084
   -0.0172272758
   -0.0126425959
   -0.0123932146
   -0.0171431536
   -0.0174237545
    0.0060800874
    0.0083802039
    0.0046343844
    0.0037978437
    0.0031521303
    0.0038854056
    0.0033738700
    0.0030928499
    0.0030724253
    0.0037306824
    0.0083177429
    0.0055002517
    0.0078819573
    0.0065460114
    0.0081534214
    0.0055475006
    0.0073949291
    0.0085150020
    0.0090059861
    0.0051203666
    0.0068666250
    0.0079997343
    0.0085604562
    0.0092185216
    0.0040875624
    0.0057177471
    0.0068239459
    0.0077230329
    0.0080591167
    0.0089570841
    0.0072834838
    0.0058667758
    0.0085698853
    0.0073103731
    0.0062194100
    0.0048577637
    0.0062115440
    0.0055996340
    0.0046574196
    0.0045305230
    0.0040274471
    0.0034548835
    0.0056056359
    0.0048368853
    0.0047496906
    0.0047273534
    0.0048374366
    0.0055071472
    0.0074824308
    0.0097533831
    0.0074496921
    0.0065704892
    0.0065331458
    0.0072522292
    0.0090812651
    0.0079006806
    0.0089919655
    0.0088507131
    0.0109297884
    0.0095570509
    0.0119985366
    0.0092330659
    0.0099271956
    0.0114550988
    0.0148652316
    0.0096575623
    0.0110640652
    0.0133630814
    0.0146680269
    0.0103877225
    0.0124153689
    0.0112881271
    0.0114442306
    0.0146322077
    0.0122947626
    0.0103011206
    0.0098095538
    0.0105187418
    0.0124481514
    0.0090928306
    0.0092959577
    0.0099961005
    0.0123556435
    0.0007166461
    0.0109123510
    0.0049482131
    0.0086992533
    0.0120236834
   -0.0006848549
    0.0050155723
    0.0090767566
   -0.0007330668
    0.0044223506
   -0.0002280424
    0.0041416285
    0.0006916572
    0.0055588573
   -0.0009258094
    0.0048436089
    0.0088091426
    0.0091620668
    0.0057406937
    0.0049732750
    0.0151689978
    0.0125296339
    0.0066496689
    0.0120708408
    0.0068979299
    0.0064518771
    0.0120293770
    0.0158680704
    0.0147616960
    0.0114186095
    0.0141219141
    0.0108313029
    0.0054994183
    0.0143014003
    0.0109597676
    0.0153984388
    0.0126257784
    0.0083335492
    0.0166519148
    0.0135665722
    0.0095156028
    0.0124316671
    0.0073052994
    0.0061390438
   -0.0038082534
   -0.0103246802
   -0.0107946418
   -0.0053267446
   -0.0033854214
   -0.0137528545
   -0.0142275332
   -0.0137586815
   -0.0110826206
   -0.0037192629
    0.0077966593
   -0.0028803100
   -0.0107865802
   -0.0145718312
   -0.0140394292
   -0.0138868272
   -0.0141981025
   -0.0136242020
   -0.0100638703
   -0.0036883898
   -0.0108310931
   -0.0140931699
   -0.0137981981
   -0.0123641699
   -0.0117750149
   -0.0124399852
   -0.0136388787
   -0.0138027568
   -0.0110489816
   -0.0011711841
   -0.0092368119
   -0.0136385224
   -0.0147582714
   -0.0126502685
   -0.0106419995
   -0.0097576436
   -0.0104933728
   -0.0122869655
   -0.0137323606
   -0.0131153265
   -0.0089932719
   -0.0041967095
   -0.0112560982
   -0.0144227511
   -0.0144498700
   -0.0121155359
   -0.0099667071
   -0.0091600576
   -0.0101482977
   -0.0121999870
   -0.0137256220
   -0.0129937862
   -0.0089850080
   -0.0041276115
   -0.0113354560
   -0.0144002658
   -0.0141824584
   -0.0125680774
   -0.0107403557
   -0.0104595167
   -0.0118726165
   -0.0135503599
   -0.0133528397
   -0.0095443185
   -0.0017138809
   -0.0096829995
   -0.0138436768
   -0.0143135577
   -0.0136184849
   -0.0125388403
   -0.0131047565
   -0.0138651119
   -0.0115772020
   -0.0049533256
   -0.0008127156
   -0.0057835149
   -0.0117472986
   -0.0143495091
   -0.0142693612
   -0.0140792802
   -0.0131350164
   -0.0095345322
   -0.0094439017
   -0.0130913346
   -0.0132873801
    0.0062050022
    0.0080257570
    0.0048998332
    0.0043786910
    0.0034720781
    0.0039858704
    0.0032323268
    0.0030070411
    0.0034982324
    0.0036224797
    0.0034473957
    0.0033701025
    0.0035341816
    0.0041695055
    0.0062886108
    0.0074886779
    0.0061463239
    0.0074609391
    0.0052378186
    0.0065493094
    0.0075222135
    0.0082191506
    0.0043266558
    0.0056437883
    0.0067865438
    0.0075469950
    0.0080977705
    0.0050720209
    0.0061834660
    0.0069642957
    0.0076775144
    0.0049433724
    0.0059008768
    0.0075654373
    0.0079579404
    0.0065717296
    0.0058173373
    0.0075702562
    0.0064791747
    0.0056768038
    0.0048563227
    0.0060485825
    0.0055000003
    0.0049219585
    0.0041876738
    0.0045540561
    0.0043055460
    0.0039038478
    0.0034747619
    0.0034505706
    0.0051248923
    0.0045956291
    0.0045900136
    0.0046712911
    0.0049118470
    0.0055967472
    0.0071554010
    0.0095286367
    0.0081320355
    0.0064018610
    0.0057692959
    0.0058713552
    0.0065897391
    0.0079397348
    0.0068049755
    0.0083650953
    0.0089241916
    0.0085557618
    0.0085367163
    0.0090729507
    0.0105530561
    0.0139583210
    0.0086678788
    0.0094955320
    0.0109890415
    0.0087551462
    0.0098581397
    0.0116879188
    0.0093451812
    0.0108095397
    0.0101660300
    0.0101575595
    0.0124544024
    0.0107864659
    0.0093326580
    0.0089620139
    0.0095357885
    0.0110290356
    0.0114740391
    0.0100254276
    0.0084086633
    0.0087264457
    0.0094201158
    0.0112694418
    0.0087573054
    0.0103684341
    0.0032005919
    0.0097832639
    0.0045930907
    0.0076675887
   -0.0002216943
    0.0044272615
    0.0080286419
   -0.0017219279
    0.0032354514
    0.0012257438
    0.0047058718
    0.0002393207
    0.0040552831
    0.0004285630
    0.0047876880
    0.0107492692
   -0.0010767706
    0.0037388812
    0.0071142144
    0.0074264730
    0.0042065703
    0.0037262868
    0.0128228329
    0.0100917787
    0.0100049873
    0.0058202655
    0.0055655720
    0.0100724172
    0.0132861857
    0.0124655738
    0.0095323109
    0.0121924096
    0.0092564900
    0.0048469707
    0.0105981268
    0.0061667128
    0.0127828119
    0.0101799242
    0.0061248977
    0.0125612822
    0.0097238677
    0.0053027954
    0.0137677828
    0.0110037397
    0.0071494795
    0.0098181719
    0.0051439513
   -0.0023264783
   -0.0074063669
   -0.0077605032
   -0.0033615293
    0.0044180130
   -0.0020227910
   -0.0104822362
   -0.0110798655
   -0.0106897406
   -0.0088636329
   -0.0044164131
    0.0028740906
   -0.0028159275
   -0.0081173286
   -0.0117741802
   -0.0117771683
   -0.0116713763
   -0.0115622204
   -0.0108214107
   -0.0083631683
   -0.0030723605
   -0.0031813193
   -0.0082758729
   -0.0109214537
   -0.0118040845
   -0.0112037761
   -0.0108584554
   -0.0110375594
   -0.0114003670
   -0.0111016458
   -0.0090381451
   -0.0039185683
   -0.0014180424
   -0.0072106923
   -0.0106183790
   -0.0119116695
   -0.0112412884
   -0.0102036928
   -0.0096015773
   -0.0097653876
   -0.0105150995
   -0.0112077213
   -0.0109259598
   -0.0086962071
    0.0022655335
   -0.0047830964
   -0.0093540941
   -0.0116119628
   -0.0119967844
   -0.0107149273
   -0.0094522189
   -0.0087530345
   -0.0089608638
   -0.0098980644
   -0.0109191003
   -0.0111182407
   -0.0096167582
   -0.0058931379
    0.0012942309
   -0.0057348649
   -0.0099652947
   -0.0118100659
   -0.0117989096
   -0.0106205478
   -0.0093712039
   -0.0088005091
   -0.0092162814
   -0.0102781622
   -0.0111313843
   -0.0107457674
   -0.0083159906
    0.0026071132
   -0.0048440452
   -0.0095248603
   -0.0116443806
   -0.0117201405
   -0.0109919251
   -0.0100349824
   -0.0097662950
   -0.0103409806
   -0.0110997037
   -0.0109147559
   -0.0087199571
    0.0025177965
   -0.0035093364
   -0.0084648708
   -0.0111878239
   -0.0117556839
   -0.0114894544
   -0.0109963277
   -0.0110851142
   -0.0112551755
   -0.0099817261
   -0.0062634717
   -0.0017030122
   -0.0003167285
   -0.0020504121
   -0.0059664363
   -0.0097745741
   -0.0115581332
   -0.0115079383
   -0.0114021567
   -0.0102294561
   -0.0073514262
   -0.0073293719
   -0.0102137087
   -0.0103499008
