  -1.4565677281    0.1303528810    5.7481077736
  -1.9815677281   -0.7789737930    5.4667611216
  -0.9315677281   -0.7789737930    5.4667611216
  -1.2034406996    2.2150415166    3.6481077736
  -2.2012379909    2.0938869906    3.6481077736
   0.4028899258   -0.8455657803    3.6481077736
  -2.2898014509    0.4814905498    5.9280087553
  -1.9846535891    1.4206391003    5.6071573058
  -3.0886889246    1.0619162745    5.6071573058
  -3.0886889246   -0.0989351750    5.6071573058
  -1.9846535891   -0.4576580008    5.6071573058
  -2.0123507430    2.0549917055    4.7671573058
  -3.0886889246    1.8652042437    4.7671573058
  -3.7912187786    1.0279617663    4.7671573058
  -3.7912187786   -0.0649806667    4.7671573058
  -3.0886889246   -0.9022231442    4.7671573058
  -3.0886889246    1.8652042437    3.7288602047
  -3.7912187786    1.0279617663    3.7288602047
  -3.7912187786   -0.0649806667    3.7288602047
  -1.3893916039   -0.9464374347    5.4512005615
  -0.4019123800   -0.9464374347    5.1303491120
  -2.1882790775   -1.5268631594    5.1303491120
  -1.0842437421   -1.8855859853    5.1303491120
  -2.8908089316   -1.4929086512    4.2903491120
  -2.1882790775   -2.3301511287    4.2903491120
  -1.1119408959   -2.5199385905    4.2903491120
  -0.1654249841   -1.9734673740    4.2903491120
  -2.8908089316   -1.4929086512    3.2520520109
  -2.1882790775   -2.3301511287    3.2520520109
  -1.1119408959   -2.5199385905    3.2520520109
  -0.1654249841   -1.9734673740    3.2520520109
  -2.1882790775   -1.5268631594    2.4120520109
  -0.5486679231    0.5675072453    5.7327747730
   0.4388113007    0.5675072453    5.4119233235
  -0.2435200614    1.5066557959    5.4119233235
  -0.2435200614   -0.3716413052    5.4119233235
   1.0491070242    0.5675072453    4.5719233235
   0.6752986967    1.5945371845    4.5719233235
  -0.2712172152    2.1410084011    4.5719233235
   0.6752986967   -0.4595226939    4.5719233235
   1.0491070242    0.5675072453    3.5336262224
   0.6752986967    1.5945371845    3.5336262224
  -0.2712172152    2.1410084011    3.5336262224
   0.6752986967   -0.4595226939    3.5336262224
  -1.4340620257    2.5255471685    3.4508317397
  -2.5380973611    2.1668243427    3.4508317397
  -0.5152432676    2.6134285572    2.6108317397
  -1.4617591795    3.1598997737    2.6108317397
  -2.5380973611    2.9701123119    2.6108317397
  -3.2406272152    2.1328698345    2.6108317397
  -0.5152432676    2.6134285572    1.5725346386
  -1.4617591795    3.1598997737    1.5725346386
  -2.5380973611    2.9701123119    1.5725346386
  -3.2406272152    2.1328698345    1.5725346386
  -2.5380973611    2.1668243427    0.7325346386
  -4.0755814452    0.6293247773    2.3311945786
  -4.0755814452   -0.4636176557    2.3311945786
  -3.3730515912   -1.3008601332    2.3311945786
  -2.2967134095   -1.4906475950    2.3311945786
  -3.3730515912    1.4665672547    1.2928974775
  -4.0755814452    0.6293247773    1.2928974775
  -4.0755814452   -0.4636176557    1.2928974775
  -3.3730515912   -1.3008601332    1.2928974775
  -2.2967134095   -1.4906475950    1.2928974775
  -3.3730515912    0.6632792855    0.4528974775
  -3.3730515912   -0.4975721640    0.4528974775
   1.0491594365   -0.9583592133    2.3516843151
  -0.2276620889    2.1095676551    1.3016843151
   1.3786685364   -0.9510396418    1.3016843151
  -0.0790575065   -1.9924809385    2.7364319197
  -1.8856226960   -1.5998036044    1.8964319197
  -1.1830928420   -2.4370460819    1.8964319197
  -0.1067546604   -2.6268335437    1.8964319197
   0.8397612515   -2.0803623272    1.8964319197
  -1.8856226960   -1.5998036044    0.8581348186
  -1.1830928420   -2.4370460819    0.8581348186
  -0.1067546604   -2.6268335437    0.8581348186
   0.8397612515   -2.0803623272    0.8581348186
  -1.1830928420   -1.6337581127    0.0181348186
   1.4389713728    0.4515759581    3.0163101326
   0.7566400107    1.3907245087    3.0163101326
   0.7566400107   -0.4875725924    3.0163101326
   2.0492670963    0.4515759581    2.1763101326
   1.6754587688    1.4786058973    2.1763101326
   0.7289428569    2.0250771139    2.1763101326
   1.6754587688   -0.5754539811    2.1763101326
   2.0492670963    0.4515759581    1.1380130315
   1.6754587688    1.4786058973    1.1380130315
   0.7289428569    2.0250771139    1.1380130315
   1.6754587688   -0.5754539811    1.1380130315
  -1.2155005938    1.3211866828   -1.9715915989
  -3.0788187041    0.5092281808   -0.0512584851
  -3.0788187041   -0.5837142522   -0.0512584851
  -2.3762888500   -1.4209567296   -0.0512584851
  -1.2999506684   -1.6107441914   -0.0512584851
  -2.3762888500    1.3464706583   -1.0895555862
  -3.0788187041    0.5092281808   -1.0895555862
  -3.0788187041   -0.5837142522   -1.0895555862
  -2.3762888500   -1.4209567296   -1.0895555862
  -2.3762888500    0.5431826891   -1.9295555862
  -2.3762888500   -0.6176687604   -1.9295555862
  -0.4293733335    2.4198205208    1.0710452550
   0.4894454245    2.5077019095    0.2310452550
  -0.4570704874    3.0541731260    0.2310452550
  -1.5334086690    2.8643856642    0.2310452550
  -2.2359385230    2.0271431867    0.2310452550
   0.4894454245    2.5077019095   -0.8072518461
  -0.4570704874    3.0541731260   -0.8072518461
  -1.5334086690    2.8643856642   -0.8072518461
  -2.2359385230    2.0271431867   -0.8072518461
  -0.4293733335    2.4198205208   -1.6472518461
  -1.5334086690    2.0610976950   -1.6472518461
   2.6183884857   -0.1966403925    0.5389786363
   2.3276591638    0.7934927490    0.5389786363
   1.5477757037    1.4692656140    0.5389786363
   1.5477757037   -1.8625463989    0.5389786363
   2.3276591638   -1.1867735339    0.5389786363
   3.1798299116   -0.1966403925   -0.3012778372
   2.9428634663    0.8415774402   -0.3012778372
   2.2788982411    1.6741634982   -0.3012778372
   1.3194406918    2.1362139018   -0.3012778372
  -0.7049343963   -2.0674442832   -0.3012778372
   0.2545231530   -2.5294946868   -0.3012778372
   1.3194406918   -2.5294946868   -0.3012778372
   2.2788982411   -2.0674442832   -0.3012778372
   2.9428634663   -1.2348582252   -0.3012778372
   3.3769819224   -0.1966403925   -1.2924279270
   3.1798299116    0.7945096974   -1.2924279270
   2.6183884857    1.6347661708   -1.2924279270
   1.7781320122    2.1962075967   -1.2924279270
   0.7869819224    2.3933596075   -1.2924279270
  -1.0444246409   -2.0280469557   -1.2924279270
  -0.2041681674   -2.5894883817   -1.2924279270
   0.7869819224   -2.7866403925   -1.2924279270
   1.7781320122   -2.5894883817   -1.2924279270
   2.6183884857   -2.0280469557   -1.2924279270
   3.1798299116   -1.1877904823   -1.2924279270
   3.1798299116   -0.1966403925   -2.2835780168
   2.9428634663    0.8415774402   -2.2835780168
   2.2788982411    1.6741634982   -2.2835780168
   1.3194406918    2.1362139018   -2.2835780168
   0.2545231530    2.1362139018   -2.2835780168
  -0.7049343963    1.6741634982   -2.2835780168
  -1.3688996215    0.8415774402   -2.2835780168
  -1.6058660668   -0.1966403925   -2.2835780168
  -1.3688996215   -1.2348582252   -2.2835780168
  -0.7049343963   -2.0674442832   -2.2835780168
   0.2545231530   -2.5294946868   -2.2835780168
   1.3194406918   -2.5294946868   -2.2835780168
   2.2788982411   -2.0674442832   -2.2835780168
   2.9428634663   -1.2348582252   -2.2835780168
   2.6183884857   -0.1966403925   -3.1238344903
   2.3276591638    0.7934927490   -3.1238344903
   1.5477757037    1.4692656140   -3.1238344903
   0.5263455935    1.6161250927   -3.1238344903
  -0.4123343238    1.1874443382   -3.1238344903
  -0.9702398069    0.3193264612   -3.1238344903
  -0.9702398069   -0.7126072462   -3.1238344903
  -0.4123343238   -1.5807251231   -3.1238344903
   0.5263455935   -2.0094058776   -3.1238344903
   1.5477757037   -1.8625463989   -3.1238344903
   2.3276591638   -1.1867735339   -3.1238344903
   1.7781320122   -0.1966403925   -3.6852759162
   1.2825569673    0.6617207643   -3.6852759162
   0.2914068775    0.6617207643   -3.6852759162
  -0.2041681674   -0.1966403925   -3.6852759162
   0.2914068775   -1.0550015492   -3.6852759162
   1.2825569673   -1.0550015492   -3.6852759162
   0.7869819224   -0.1966403925   -3.8824279270
  -1.4565677281    0.1303528810    6.0481077736
  -1.9772282150   -0.7714575359    5.8104330566
  -0.9359072412   -0.7714575359    5.8104330566
   0.1219566640   -0.8841031473    5.1444832981
  -1.9772282150    2.4115155225    4.1821580151
  -2.2898014509    0.4814905498    6.1680087553
  -1.8098014509    1.3128749374    5.9107775306
  -2.7698014509    1.3128749374    5.9107775306
  -3.2498014509    0.4814905498    5.9107775306
  -2.7698014509   -0.3498938379    5.9107775306
  -1.7759776416    2.0628776286    5.2080087553
  -2.8036252602    2.0628776286    5.2080087553
  -3.6350096478    1.4588415138    5.2080087553
  -3.9525702262    0.4814905498    5.2080087553
  -3.6350096478   -0.4958604143    5.2080087553
  -2.8036252602   -1.0998965290    5.2080087553
  -2.2898014509    2.4014905498    4.2480087553
  -3.2498014509    2.1442593250    4.2480087553
  -3.9525702262    1.4414905498    4.2480087553
  -4.2098014509    0.4814905498    4.2480087553
  -3.9525702262   -0.4785094502    4.2480087553
  -3.6350096478    1.4588415138    3.2880087553
  -3.9525702262    0.4814905498    3.2880087553
  -1.8693916039   -1.7778218223    5.4339693367
  -0.9093916039   -1.7778218223    5.4339693367
  -2.7345998008   -1.9237883988    4.7312005615
  -1.9032154131   -2.5278245135    4.7312005615
  -0.8755677946   -2.5278245135    4.7312005615
  -0.0441834069   -1.9237883988    4.7312005615
  -3.0521603791   -1.9064374347    3.7712005615
  -2.3493916039   -2.6092062100    3.7712005615
  -1.3893916039   -2.8664374347    3.7712005615
  -0.4293916039   -2.6092062100    3.7712005615
   0.2733771714   -1.9064374347    3.7712005615
  -2.7345998008   -1.9237883988    2.8112005615
  -1.9032154131   -2.5278245135    2.8112005615
  -0.8755677946   -2.5278245135    2.8112005615
  -0.5486679231    0.5675072453    5.9727747730
   0.4113320769    0.5675072453    5.7155435482
  -0.0686679231    1.3988916329    5.7155435482
  -1.0286679231    1.3988916329    5.7155435482
  -0.0686679231   -0.2638771423    5.7155435482
   1.1141008521    0.5675072453    5.0127747730
   0.7965402738    1.5448582094    5.0127747730
  -0.0348441139    2.1488943241    5.0127747730
  -1.0624917324    2.1488943241    5.0127747730
   0.7965402738   -0.4098437188    5.0127747730
   1.3713320769    0.5675072453    4.0527747730
   1.1141008521    1.5275072453    4.0527747730
   0.4113320769    2.2302760206    4.0527747730
  -0.5486679231    2.4875072453    4.0527747730
   1.1141008521   -0.3924927547    4.0527747730
  -0.0348441139    2.1488943241    3.0927747730
  -3.7500067073    1.5218374095    2.7124112629
  -2.2192098874    2.4177830056    3.7544519644
  -0.3940016905    2.5637495821    3.0516831892
  -1.2253860782    3.1677856968    3.0516831892
  -2.2530336967    3.1677856968    3.0516831892
  -3.0844180843    2.5637495821    3.0516831892
  -0.0764411122    2.5463986180    2.0916831892
  -0.7792098874    3.2491673932    2.0916831892
  -1.7392098874    3.5063986180    2.0916831892
  -2.6992098874    3.2491673932    2.0916831892
  -3.4019786627    2.5463986180    2.0916831892
  -1.2253860782    3.1677856968    1.1316831892
  -2.2530336967    3.1677856968    1.1316831892
  -3.0844180843    2.5637495821    1.1316831892
  -3.9193723144    1.0602045248    2.7720460281
  -4.2369328927    0.0828535608    2.7720460281
  -3.9193723144   -0.8944974033    2.7720460281
  -3.0879879267   -1.4985335181    2.7720460281
  -4.2369328927    1.0428535608    1.8120460281
  -4.4941641175    0.0828535608    1.8120460281
  -4.2369328927   -0.8771464392    1.8120460281
  -3.5341641175   -1.5799152145    1.8120460281
  -2.5741641175   -1.8371464392    1.8120460281
  -3.9193723144    1.0602045248    0.8520460281
  -4.2369328927    0.0828535608    0.8520460281
  -3.9193723144   -0.8944974033    0.8520460281
  -3.0879879267   -1.4985335181    0.8520460281
  -3.5341641175    0.0828535608    0.1492772528
   1.0977352746   -0.9895770089    2.7980598395
  -0.8980291776   -2.6347194667    2.3372833691
   0.1296184410   -2.6347194667    2.3372833691
   0.9610028286   -2.0306833520    2.3372833691
  -2.0469741436   -2.0133323879    1.3772833691
  -1.3442053683   -2.7161011632    1.3772833691
  -0.3842053683   -2.9733323879    1.3772833691
   0.5757946317   -2.7161011632    1.3772833691
   1.2785634070   -2.0133323879    1.3772833691
  -1.7294135652   -2.0306833520    0.4172833691
  -0.8980291776   -2.6347194667    0.4172833691
   0.1296184410   -2.6347194667    0.4172833691
   1.4114921490    0.4515759581    3.3199303573
   2.1142609242    0.4515759581    2.6171615820
   1.7967003459    1.4289269222    2.6171615820
   0.9653159582    2.0329630369    2.6171615820
   1.7967003459   -0.5257750060    2.6171615820
   2.3714921490    0.4515759581    1.6571615820
   2.1142609242    1.4115759581    1.6571615820
   1.4114921490    2.1143447334    1.6571615820
   0.4514921490    2.3715759581    1.6571615820
   2.1142609242   -0.5084240419    1.6571615820
   0.9653159582    2.0329630369    0.6971615820
  -2.0912251856   -1.6186301145    0.3895929644
  -3.2401701516    0.9227569643   -0.5704070356
  -3.4974013763   -0.0372430357   -0.5704070356
  -3.2401701516   -0.9972430357   -0.5704070356
  -2.5374013763   -1.7000118109   -0.5704070356
  -1.5774013763   -1.9572430357   -0.5704070356
  -2.9226095733    0.9401079284   -1.5304070356
  -3.2401701516   -0.0372430357   -1.5304070356
  -2.9226095733   -1.0145939997   -1.5304070356
  -2.0912251856   -1.6186301145   -1.5304070356
  -2.0574013763    0.7941413520   -2.2331758109
  -2.5374013763   -0.0372430357   -2.2331758109
  -2.0574013763   -0.8686274233   -2.2331758109
   0.6106870016    2.4580229343    0.6718967045
  -0.2206973860    3.0620590490    0.6718967045
  -1.2483450046    3.0620590490    0.6718967045
   0.2254788047    3.1434407455   -0.2881032955
  -0.7345211953    3.4006719702   -0.2881032955
  -1.6945211953    3.1434407455   -0.2881032955
  -2.3972899706    2.4406719702   -0.2881032955
  -0.2206973860    3.0620590490   -1.2481032955
  -1.2483450046    3.0620590490   -1.2481032955
  -2.0797293922    2.4580229343   -1.2481032955
  -1.2145211953    2.3120563579   -1.9508720708
   2.6896332471   -0.1966403925    0.9750636246
   2.3875940710    0.8320105750    0.9750636246
   1.5773718472   -1.9273529134    0.9750636246
   2.3875940710   -1.2252913600    0.9750636246
   3.3504171176   -0.1966403925    0.1875720730
   3.1287965009    0.8460026336    0.1875720730
   2.5022548689    1.7083632083    0.1875720730
   1.5791269617    2.2413313540    0.1875720730
   0.5190299808   -2.7460328215    0.1875720730
   1.5791269617   -2.6346121390    0.1875720730
   2.5022548689   -2.1016439932    0.1875720730
   3.1287965009   -1.2392834185    0.1875720730
   3.7020128713   -0.1966403925   -0.7784293211
   3.5051673301    0.8563902445   -0.7784293211
   2.9412157876    1.7672032589   -0.7784293211
   2.0863230246    2.4127883062   -0.7784293211
   1.0559470458    2.7059555483   -0.7784293211
  -0.9697166935   -2.5228853078   -0.7784293211
  -0.0107541632   -3.0003919098   -0.7784293211
   1.0559470458   -3.0992363333   -0.7784293211
   2.0863230246   -2.8060690911   -0.7784293211
   2.9412157876   -2.1604840439   -0.7784293211
   3.5051673301   -1.2496710294   -0.7784293211
   3.7020128713   -0.1966403925   -1.8064265329
   3.5051673301    0.8563902445   -1.8064265329
   2.9412157876    1.7672032589   -1.8064265329
   2.0863230246    2.4127883062   -1.8064265329
   1.0559470458    2.7059555483   -1.8064265329
  -0.0107541632    2.6071111248   -1.8064265329
  -1.6914273416   -1.7312064398   -1.8064265329
  -0.9697166935   -2.5228853078   -1.8064265329
  -0.0107541632   -3.0003919098   -1.8064265329
   1.0559470458   -3.0992363333   -1.8064265329
   2.0863230246   -2.8060690911   -1.8064265329
   2.9412157876   -2.1604840439   -1.8064265329
   3.5051673301   -1.2496710294   -1.8064265329
   3.3504171176   -0.1966403925   -2.7724279270
   3.1287965009    0.8460026336   -2.7724279270
   2.5022548689    1.7083632083   -2.7724279270
   1.5791269617    2.2413313540   -2.7724279270
   0.5190299808    2.3527520365   -2.7724279270
  -0.4947356752    2.0233596075   -2.7724279270
  -1.2868807145    1.3101090105   -2.7724279270
  -1.7204360634    0.3363277533   -2.7724279270
  -1.7204360634   -0.7296085382   -2.7724279270
  -1.2868807145   -1.7033897954   -2.7724279270
  -0.4947356752   -2.4166403925   -2.7724279270
   0.5190299808   -2.7460328215   -2.7724279270
   1.5791269617   -2.6346121390   -2.7724279270
   2.5022548689   -2.1016439932   -2.7724279270
   3.1287965009   -1.2392834185   -2.7724279270
   2.6896332471   -0.1966403925   -3.5599194786
   2.3875940710    0.8320105750   -3.5599194786
   1.5773718472    1.5340721285   -3.5599194786
   0.5162064068    1.6866446851   -3.5599194786
  -0.4589897205    1.2412875363   -3.5599194786
  -1.0385986549    0.3393984300   -3.5599194786
  -1.0385986549   -0.7326792149   -3.5599194786
  -0.4589897205   -1.6345683212   -3.5599194786
   0.5162064068   -2.0799254701   -3.5599194786
   1.5773718472   -1.9273529134   -3.5599194786
   2.3875940710   -1.2252913600   -3.5599194786
   1.7993615466   -0.1966403925   -4.0739180845
   1.2931717345    0.6801060804   -4.0739180845
   0.2807921103    0.6801060804   -4.0739180845
  -0.2253977018   -0.1966403925   -4.0739180845
   0.2807921103   -1.0733868653   -4.0739180845
   1.2931717345   -1.0733868653   -4.0739180845
   0.7869819224   -0.1966403925   -4.2524279270
  -1.4565677281    0.1303528810    6.3481077736
  -0.9399450944    1.0251695309    6.1425825114
  -1.9731903618   -0.7644637689    6.1425825114
  -0.9399450944   -0.7644637689    6.1425825114
  -2.7068201855   -1.3125153711    5.5572960829
   0.1495436819   -0.9018322472    5.5572960829
  -3.9510424659   -0.9028923864    3.6481077736
   1.0379070097   -0.9028923864    3.6481077736
  -2.2898014509    0.4814905498    6.4080087553
  -1.7498014509    1.4167979858    6.1186236275
  -2.8298014509    1.4167979858    6.1186236275
  -3.3698014509    0.4814905498    6.1186236275
  -2.8298014509   -0.4538168863    6.1186236275
  -2.5560177039    2.3330652597    5.3280087553
  -3.5147936790    1.8952069432    5.3280087553
  -4.0846432771    1.0085036606    5.3280087553
  -4.0846432771   -0.0455225610    5.3280087553
  -3.5147936790   -0.9322258437    5.3280087553
  -3.0557480069    2.5011256340    4.2480087553
  -3.9065846670    1.9138354916    4.2480087553
  -4.3870357765    0.9984123846    4.2480087553
  -4.3870357765   -0.0354312851    4.2480087553
  -3.9065846670   -0.9508543920    4.2480087553
  -1.9293916039   -1.8817448708    5.6418154336
  -0.8493916039   -1.8817448708    5.6418154336
  -2.6143838320   -2.3601538281    4.8512005615
  -1.6556078569   -2.7980121447    4.8512005615
  -0.6123101024   -2.6480085734    4.8512005615
   0.1842697659   -1.9577681884    4.8512005615
  -3.0061748199   -2.3787823765    3.7712005615
  -2.1553381599   -2.9660725189    3.7712005615
  -1.1290323745   -3.0906886028    3.7712005615
  -0.1623717509   -2.7240825850    3.7712005615
   0.5231934116   -1.9502394863    3.7712005615
  -2.6143838320   -2.3601538281    2.6912005615
  -1.6556078569   -2.7980121447    2.6912005615
  -0.5486679231    0.5675072453    6.2127747730
   0.5313320769    0.5675072453    5.9233896452
  -0.0086679231    1.5028146814    5.9233896452
  -0.0086679231   -0.3678001908    5.9233896452
   1.3219469490    0.5675072453    5.1327747730
   1.0249934466    1.5788379989    5.1327747730
   0.2284135783    2.2690783840    5.1327747730
  -0.8148841761    2.4190819553    5.1327747730
   1.0249934466   -0.4438235083    5.1327747730
   1.6113320769    0.5675072453    4.0527747730
   1.3639170923    1.5713092969    4.0527747730
   0.6783519298    2.3451523956    4.0527747730
  -0.2883086938    2.7117584134    4.0527747730
   1.3639170923   -0.4362948063    4.0527747730
  -3.8893395142    1.5889365529    3.2116062888
  -4.1363701715    1.5398697940    2.1783610214
  -2.8921478911    1.9494927786    0.2691727122
  -0.1655485176    2.5977293716    3.1716831892
  -0.9621283860    3.2879697567    3.1716831892
  -2.0054261404    3.4379733280    3.1716831892
  -2.9642021155    3.0001150114    3.1716831892
   0.1733751280    2.5902006696    2.0916831892
  -0.5121900345    3.3640437683    2.0916831892
  -1.4788506581    3.7306497860    2.0916831892
  -2.5051564434    3.6060337022    2.0916831892
  -3.3559931035    3.0187435598    2.0916831892
  -3.8364442131    2.1033204528    2.0916831892
  -0.9621283860    3.2879697567    1.0116831892
  -2.0054261404    3.4379733280    1.0116831892
  -2.9642021155    3.0001150114    1.0116831892
  -3.5340517136    2.1134117288    1.0116831892
  -4.3690059437    0.6098666716    2.8920460281
  -4.3690059437   -0.4441595500    2.8920460281
  -3.7991563456   -1.3308628327    2.8920460281
  -4.1909473335    1.5151985026    1.8120460281
  -4.6713984431    0.5997753956    1.8120460281
  -4.6713984431   -0.4340682741    1.8120460281
  -4.1909473335   -1.3494913810    1.8120460281
  -3.3401106735   -1.9367815234    1.8120460281
  -3.7991563456    1.4965699542    0.7320460281
  -4.3690059437    0.6098666716    0.7320460281
  -4.3690059437   -0.4441595500    0.7320460281
  -3.7991563456   -1.3308628327    0.7320460281
  -2.8403803705   -1.7687211492    0.7320460281
   1.1253222925   -1.0073061087    3.2108726243
  -0.6504216213   -2.9049070979    2.4572833691
   0.3928761331   -2.7549035266    2.4572833691
   1.1894560015   -2.0646631416    2.4572833691
  -2.0009885844   -2.4856773297    1.3772833691
  -1.1501519243   -3.0729674721    1.3772833691
  -0.1238461389   -3.1975835560    1.3772833691
   0.8428144846   -2.8309775383    1.3772833691
   1.5283796471   -2.0571344395    1.3772833691
  -1.6091975964   -2.4670487814    0.2972833691
  -0.6504216213   -2.9049070979    0.2972833691
   2.3221070211    0.4515759581    2.7371615820
   2.0251535188    1.4629067117    2.7371615820
   1.2285736504    2.1531470968    2.7371615820
   2.0251535188   -0.5597547955    2.7371615820
   2.6114921490    0.4515759581    1.6571615820
   2.3640771644    1.4553780097    1.6571615820
   1.6785120019    2.2292211084    1.6571615820
   0.7118513783    2.5958271262    1.6571615820
   2.3640771644   -0.5522260935    1.6571615820
  -3.1849753316    1.4451052762   -0.1529382510
  -1.9407530512    1.8547282609   -2.0621265602
  -3.1941845924    1.3951019061   -0.5704070356
  -3.6746357020    0.4796787992   -0.5704070356
  -3.6746357020   -0.5541648705   -0.5704070356
  -3.1941845924   -1.4695879775   -0.5704070356
  -2.3433479324   -2.0568781199   -0.5704070356
  -2.8023936045    1.3764733578   -1.6504070356
  -3.3722432025    0.4897700751   -1.6504070356
  -3.3722432025   -0.5642561465   -1.6504070356
  -2.8023936045   -1.4509594291   -1.6504070356
  -2.6574013763   -0.0372430357   -2.4410219078
   0.8391401745    2.4920027239    0.7918967045
   0.0425603061    3.1822431089    0.7918967045
  -1.0007374483    3.3322466802    0.7918967045
   0.4924986576    3.2583171206   -0.2881032955
  -0.4741619660    3.6249231383   -0.2881032955
  -1.5004677513    3.5003070544   -0.2881032955
  -2.3513044114    2.9130169120   -0.2881032955
   0.0425603061    3.1822431089   -1.3681032955
  -1.0007374483    3.3322466802   -1.3681032955
  -1.9595134234    2.8943883637   -1.3681032955
  -2.5293630215    2.0076850810   -1.3681032955
  -1.2745211953    2.4159794063   -2.1587181677
   2.7443068125   -0.1966403925    1.4015986643
   1.6000840671   -1.9770857378    1.4015986643
   2.4335884011   -1.2548501211    1.4015986643
   3.4810085137   -0.1966403925    0.6648969631
   3.2759379501    0.8343189504    0.6648969631
   2.6919463938    1.7083240789    0.6648969631
   1.8179412652    2.2923156352    0.6648969631
   0.7869819224   -2.8906669837    0.6648969631
   1.8179412652   -2.6855964202    0.6648969631
   2.6919463938   -2.1016048639    0.6648969631
   3.2759379501   -1.2275997353    0.6648969631
   3.9540001217   -0.1966403925   -0.2634013357
   3.7824023400    0.8316887358   -0.2634013357
   3.2862042774    1.7485824468   -0.2634013357
   2.5191766932    2.4546810800   -0.2634013357
   1.5644389278    2.8734678921   -0.2634013357
  -1.3579811410   -2.5266914072   -0.2634013357
  -0.4851947980   -3.0969111844   -0.2634013357
   0.5254516324   -3.3528416189   -0.2634013357
   1.5644389278   -3.2667486771   -0.2634013357
   2.5191766932   -2.8479618649   -0.2634013357
   3.2862042774   -2.1418632318   -0.2634013357
   3.7824023400   -1.2249695207   -0.2634013357
   4.1169819224   -0.1966403925   -1.2924279270
   3.9540001217    0.8323861988   -1.2924279270
   3.4810085137    1.7606844977   -1.2924279270
   2.7443068125    2.4973861988   -1.2924279270
   1.8160085137    2.9703778068   -1.2924279270
   0.7869819224    3.1333596075   -1.2924279270
  -1.9070446689   -2.1539652826   -1.2924279270
  -1.1703429677   -2.8906669837   -1.2924279270
  -0.2420446689   -3.3636585917   -1.2924279270
   0.7869819224   -3.5266403925   -1.2924279270
   1.8160085137   -3.3636585917   -1.2924279270
   2.7443068125   -2.8906669837   -1.2924279270
   3.4810085137   -2.1539652826   -1.2924279270
   3.9540001217   -1.2256669837   -1.2924279270
   3.9540001217   -0.1966403925   -2.3214545183
   3.7824023400    0.8316887358   -2.3214545183
   3.2862042774    1.7485824468   -2.3214545183
   2.5191766932    2.4546810800   -2.3214545183
   1.5644389278    2.8734678921   -2.3214545183
   0.5254516324    2.9595608340   -2.3214545183
  -0.4851947980    2.7036303994   -2.3214545183
  -1.3579811410    2.1334106223   -2.3214545183
  -1.9983274534   -1.7039744481   -2.3214545183
  -1.3579811410   -2.5266914072   -2.3214545183
  -0.4851947980   -3.0969111844   -2.3214545183
   0.5254516324   -3.3528416189   -2.3214545183
   1.5644389278   -3.2667486771   -2.3214545183
   2.5191766932   -2.8479618649   -2.3214545183
   3.2862042774   -2.1418632318   -2.3214545183
   3.7824023400   -1.2249695207   -2.3214545183
   3.4810085137   -0.1966403925   -3.2497528171
   3.2759379501    0.8343189504   -3.2497528171
   2.6919463938    1.7083240789   -3.2497528171
   1.8179412652    2.2923156352   -3.2497528171
   0.7869819224    2.4973861988   -3.2497528171
  -0.2439774204    2.2923156352   -3.2497528171
  -1.1179825490    1.7083240789   -3.2497528171
  -1.7019741053    0.8343189504   -3.2497528171
  -1.9070446689   -0.1966403925   -3.2497528171
  -1.7019741053   -1.2275997353   -3.2497528171
  -1.1179825490   -2.1016048639   -3.2497528171
  -0.2439774204   -2.6855964202   -3.2497528171
   0.7869819224   -2.8906669837   -3.2497528171
   1.8179412652   -2.6855964202   -3.2497528171
   2.6919463938   -2.1016048639   -3.2497528171
   3.2759379501   -1.2275997353   -3.2497528171
   2.7443068125   -0.1966403925   -3.9864545183
   2.4335884011    0.8615693362   -3.9864545183
   1.6000840671    1.5838049529   -3.9864545183
   0.5084255472    1.7407617525   -3.9864545183
  -0.4947932917    1.2826070601   -3.9864545183
  -1.0910575568    0.3548017534   -3.9864545183
  -1.0910575568   -0.7480825383   -3.9864545183
  -0.4947932917   -1.6758878451   -3.9864545183
   0.5084255472   -2.1340425375   -3.9864545183
   1.6000840671   -1.9770857378   -3.9864545183
   2.4335884011   -1.2548501211   -3.9864545183
   1.8160085137   -0.1966403925   -4.4594461263
   1.3014952180    0.6945227767   -4.4594461263
   0.2724686268    0.6945227767   -4.4594461263
  -0.2420446689   -0.1966403925   -4.4594461263
   0.2724686268   -1.0878035617   -4.4594461263
   1.3014952180   -1.0878035617   -4.4594461263
   0.7869819224   -0.1966403925   -4.6224279270
  -1.4565677281    0.1303528810    6.6481077736
  -0.4305072981    0.1303528810    6.4671856360
  -0.9435375131    1.0189472792    6.4671856360
  -1.9695979431   -0.7582415172    6.4671856360
  -0.9435375131   -0.7582415172    6.4671856360
  -2.7193768256   -1.3270065063    5.9462411030
   0.1656743144   -0.9121987753    5.9462411030
  -1.7281406419    2.7141965590    5.1481077736
  -3.5584555358   -1.3967580004    5.1481077736
  -1.1839679408    3.0721730912    4.1690523067
  -2.2650840311    2.9719929323    4.1690523067
  -3.9684690091   -1.4249505453    4.1690523067
  -3.9684690091   -1.4249505453    3.1271632406
  -2.2898014509    0.4814905498    6.6480087553
  -1.7691409640    1.3833009666    6.4103340383
  -2.8104619378    1.3833009666    6.4103340383
  -3.3311224248    0.4814905498    6.4103340383
  -2.8104619378   -0.4203198671    6.4103340383
  -2.5568403813    2.3387871064    5.7443842798
  -3.5185792231    1.8995756940    5.7443842798
  -4.0901898045    1.0101322679    5.7443842798
  -4.0901898045   -0.0471511684    5.7443842798
  -3.5185792231   -0.9365945945    5.7443842798
  -2.8104619378    2.7626531912    4.7820589968
  -3.7486597168    2.3108409535    4.7820589968
  -4.3979127245    1.4967034327    4.7820589968
  -4.6296284401    0.4814905498    4.7820589968
  -4.3979127245   -0.5337223332    4.7820589968
  -3.7486597168    2.3108409535    3.7139585138
  -4.3979127245    1.4967034327    3.7139585138
  -4.6296284401    0.4814905498    3.7139585138
  -4.3979127245   -0.5337223332    3.7139585138
  -1.9100520908   -1.8482478516    5.9335258444
  -0.8687311169   -1.8482478516    5.9335258444
  -2.6181693761   -2.3645225789    5.2675760859
  -1.6564305342   -2.8037339914    5.2675760859
  -0.6099087188   -2.6532668701    5.2675760859
   0.1891327882   -1.9608934630    5.2675760859
  -2.8482498698   -2.7757878384    4.3052508030
  -1.9100520908   -3.2276000762    4.3052508030
  -0.8687311169   -3.2276000762    4.3052508030
   0.0694666620   -2.7757878384    4.3052508030
   0.7187196697   -1.9616503177    4.3052508030
  -2.8482498698   -2.7757878384    3.2371503200
  -1.9100520908   -3.2276000762    3.2371503200
  -0.8687311169   -3.2276000762    3.2371503200
   0.0694666620   -2.7757878384    3.2371503200
  -2.6181693761   -2.3645225789    2.2748250370
   0.4926530507    0.5675072453    6.2151000559
  -0.0280074362    1.4693176622    6.2151000559
   1.3277276348    0.5675072453    5.5491502974
   1.0298564690    1.5819632736    5.5491502974
   0.2308149620    2.2743366807    5.5491502974
  -0.8157068535    2.4248038020    5.5491502974
   1.0298564690   -0.4469487830    5.5491502974
   1.7911590661    0.5675072453    4.5868250145
   1.5594433504    1.5827201283    4.5868250145
   0.9101903428    2.3968576490    4.5868250145
  -0.0280074362    2.8486698868    4.5868250145
   1.5594433504   -0.4477056377    4.5868250145
   1.5594433504    1.5827201283    3.5187245315
   0.9101903428    2.3968576490    3.5187245315
  -0.0280074362    2.8486698868    3.5187245315
  -4.1537967147    2.0619279529    2.6993055544
  -4.1537967147    2.0619279529    1.6574164884
  -2.4504117367   -2.3350155248    1.6574164884
  -3.7437832413    2.0337354079    0.6783610214
  -0.9597270023    3.2932280534    3.5880587136
  -2.0062488178    3.4436951747    3.5880587136
  -2.9679876597    3.0044837622    3.5880587136
  -0.2803516215    3.4157490217    2.6257334307
  -1.2185494005    3.8675612595    2.6257334307
  -2.2598703744    3.8675612595    2.6257334307
  -3.1980681533    3.4157490217    2.6257334307
  -3.8473211610    2.6016115010    2.6257334307
  -0.2803516215    3.4157490217    1.5576329477
  -1.2185494005    3.8675612595    1.5576329477
  -2.2598703744    3.8675612595    1.5576329477
  -3.1980681533    3.4157490217    1.5576329477
  -3.8473211610    2.6016115010    1.5576329477
  -2.0062488178    3.4436951747    0.5953076647
  -2.9679876597    3.0044837622    0.5953076647
  -4.6822753911    1.0980664437    2.3460962696
  -4.9139911067    0.0828535608    2.3460962696
  -4.6822753911   -0.9323593222    2.3460962696
  -4.0330223834   -1.7464968430    2.3460962696
  -3.0948246044   -2.1983090807    2.3460962696
  -4.6822753911    1.0980664437    1.2779957866
  -4.9139911067    0.0828535608    1.2779957866
  -4.6822753911   -0.9323593222    1.2779957866
  -4.0330223834   -1.7464968430    1.2779957866
  -3.0948246044   -2.1983090807    1.2779957866
  -3.8029418897    1.5009387050    0.3156705036
  -4.3745524710    0.6114952789    0.3156705036
  -4.3745524710   -0.4457881574    0.3156705036
  -3.8029418897   -1.3352315835    0.3156705036
   0.3952775168   -2.7601618234    2.8736588936
   1.1943190238   -2.0677884162    2.8736588936
  -1.8430636342   -2.8826827916    1.9113336106
  -0.9048658552   -3.3344950294    1.9113336106
   0.1364551186   -3.3344950294    1.9113336106
   1.0746528976   -2.8826827916    1.9113336106
   1.7239059053   -2.0685452709    1.9113336106
  -1.8430636342   -2.8826827916    0.8432331276
  -0.9048658552   -3.3344950294    0.8432331276
   0.1364551186   -3.3344950294    0.8432331276
   2.3278877069    0.4515759581    3.1535371065
   2.0300165411    1.4660319864    3.1535371065
   1.2309750341    2.1584053935    3.1535371065
   2.0300165411   -0.5628800702    3.1535371065
   2.7913191382    0.4515759581    2.1912118235
   2.5596034226    1.4667888411    2.1912118235
   1.9103504149    2.2809263618    2.1912118235
   0.9721526359    2.7327385996    2.1912118235
   2.5596034226   -0.5636369249    2.1912118235
   0.9721526359    2.7327385996    1.1231113405
  -3.2024018749    1.9671634352   -0.6738827840
  -2.7923884015    1.9389708902   -1.6529382510
  -3.6855126499   -1.0524559186   -0.0363567941
  -3.0362596422   -1.8665934394   -0.0363567941
  -2.0980618633   -2.3184056771   -0.0363567941
  -3.6855126499    0.9779698473   -1.1044572771
  -3.9172283656   -0.0372430357   -1.1044572771
  -3.6855126499   -1.0524559186   -1.1044572771
  -3.0362596422   -1.8665934394   -1.1044572771
  -2.8061791486    1.3808421086   -2.0667825601
  -3.3777897299    0.4913986825   -2.0667825601
  -3.3777897299   -0.5658847538   -2.0667825601
  -2.8061791486   -1.4553281799   -2.0667825601
  -2.6187223502   -0.0372430357   -2.7327323186
   0.0449616898    3.1875014057    1.2082722289
   0.7243370706    3.3100223739    0.2459469460
  -0.2138607084    3.7618346117    0.2459469460
  -1.2551816822    3.7618346117    0.2459469460
  -2.1933794612    3.3100223739    0.2459469460
  -0.2138607084    3.7618346117   -0.8221535370
  -1.2551816822    3.7618346117   -0.8221535370
  -2.1933794612    3.3100223739   -0.8221535370
  -2.8426324689    2.4958848532   -0.8221535370
  -1.0015601257    3.3379685269   -1.7844788200
  -1.9632989675    2.8987571145   -1.7844788200
   2.7873529470   -0.1966403925    1.8202101445
   2.5193540467   -1.1968259048    1.8202101445
   3.5832553475   -0.1966403925    1.1305567886
   3.3944292371    0.8134900787    1.1305567886
   2.8534529185    1.6871968325    1.1305567886
   2.0333882412    2.3064809303    1.1305567886
   1.0449894839   -2.9809854081    1.1305567886
   2.0333882412   -2.6997617152    1.1305567886
   2.8534529185   -2.0804776174    1.1305567886
   3.3944292371   -1.2067708637    1.1305567886
   4.1526203052   -0.1966403925    0.2446076211
   3.9878942379    0.8433990647    0.2446076211
   3.5098405710    1.7816322135    0.2446076211
   2.7652545284    2.5262182561    0.2446076211
   1.8270213796    3.0042719230    0.2446076211
  -0.2530575348   -3.3975527079    0.2446076211
   0.7869819224   -3.5622787753    0.2446076211
   1.8270213796   -3.3975527079    0.2446076211
   2.7652545284   -2.9194990411    0.2446076211
   3.5098405710   -2.1749129984    0.2446076211
   3.9878942379   -1.2366798497    0.2446076211
   4.4493212574   -0.1966403925   -0.7658630254
   4.3009707813    0.8351598324   -0.7658630254
   3.8679378264    1.7833697394   -0.7658630254
   3.1853041472    2.5711710011   -0.7658630254
   2.3083726648    3.1347406445   -0.7658630254
   1.3081871526    3.4284216087   -0.7658630254
  -1.6113403024   -2.9644517860   -0.7658630254
  -0.7344088201   -3.5280214294   -0.7658630254
   0.2657766922   -3.8217023937   -0.7658630254
   1.3081871526   -3.8217023937   -0.7658630254
   2.3083726648   -3.5280214294   -0.7658630254
   3.1853041472   -2.9644517860   -0.7658630254
   3.8679378264   -2.1766505243   -0.7658630254
   4.3009707813   -1.2284406173   -0.7658630254
   4.4493212574   -0.1966403925   -1.8189928286
   4.3009707813    0.8351598324   -1.8189928286
   3.8679378264    1.7833697394   -1.8189928286
   3.1853041472    2.5711710011   -1.8189928286
   2.3083726648    3.1347406445   -1.8189928286
   1.3081871526    3.4284216087   -1.8189928286
   0.2657766922    3.4284216087   -1.8189928286
  -2.2939739816   -2.1766505243   -1.8189928286
  -1.6113403024   -2.9644517860   -1.8189928286
  -0.7344088201   -3.5280214294   -1.8189928286
   0.2657766922   -3.8217023937   -1.8189928286
   1.3081871526   -3.8217023937   -1.8189928286
   2.3083726648   -3.5280214294   -1.8189928286
   3.1853041472   -2.9644517860   -1.8189928286
   3.8679378264   -2.1766505243   -1.8189928286
   4.3009707813   -1.2284406173   -1.8189928286
   4.1526203052   -0.1966403925   -2.8294634751
   3.9878942379    0.8433990647   -2.8294634751
   3.5098405710    1.7816322135   -2.8294634751
   2.7652545284    2.5262182561   -2.8294634751
   1.8270213796    3.0042719230   -2.8294634751
   0.7869819224    3.1689979903   -2.8294634751
  -0.2530575348    3.0042719230   -2.8294634751
  -1.1912906836    2.5262182561   -2.8294634751
  -1.9358767262    1.7816322135   -2.8294634751
  -2.4139303931    0.8433990647   -2.8294634751
  -2.5786564604   -0.1966403925   -2.8294634751
  -2.4139303931   -1.2366798497   -2.8294634751
  -1.9358767262   -2.1749129984   -2.8294634751
  -1.1912906836   -2.9194990411   -2.8294634751
  -0.2530575348   -3.3975527079   -2.8294634751
   0.7869819224   -3.5622787753   -2.8294634751
   1.8270213796   -3.3975527079   -2.8294634751
   2.7652545284   -2.9194990411   -2.8294634751
   3.5098405710   -2.1749129984   -2.8294634751
   3.9878942379   -1.2366798497   -2.8294634751
   3.5832553475   -0.1966403925   -3.7154126426
   3.3944292371    0.8134900787   -3.7154126426
   2.8534529185    1.6871968325   -3.7154126426
   2.0333882412    2.3064809303   -3.7154126426
   1.0449894839    2.5877046232   -3.7154126426
   0.0217453758    2.4928870931   -3.7154126426
  -0.8981492964    2.0348339730   -3.7154126426
  -1.5904576598    1.2754078747   -3.7154126426
  -1.9616796338    0.3171735011   -3.7154126426
  -1.9616796338   -0.7104542860   -3.7154126426
  -1.5904576598   -1.6686886596   -3.7154126426
  -0.8981492964   -2.4281147579   -3.7154126426
   0.0217453758   -2.8861678781   -3.7154126426
   1.0449894839   -2.9809854081   -3.7154126426
   2.0333882412   -2.6997617152   -3.7154126426
   2.8534529185   -2.0804776174   -3.7154126426
   3.3944292371   -1.2067708637   -3.7154126426
   2.7873529470   -0.1966403925   -4.4050659985
   2.5193540467    0.8035451198   -4.4050659985
   1.7871674347    1.5357317318   -4.4050659985
   0.7869819224    1.8037306321   -4.4050659985
  -0.2132035899    1.5357317318   -4.4050659985
  -0.9453902019    0.8035451198   -4.4050659985
  -1.2133891022   -0.1966403925   -4.4050659985
  -0.9453902019   -1.1968259048   -4.4050659985
  -0.2132035899   -1.9290125168   -4.4050659985
   0.7869819224   -2.1970114171   -4.4050659985
   1.7871674347   -1.9290125168   -4.4050659985
   2.5193540467   -1.1968259048   -4.4050659985
   1.8293923827   -0.1966403925   -4.8425519294
   1.3081871526    0.7061135473   -4.8425519294
   0.2657766922    0.7061135473   -4.8425519294
  -0.2554285379   -0.1966403925   -4.8425519294
   0.2657766922   -1.0993943323   -4.8425519294
   1.3081871526   -1.0993943323   -4.8425519294
   0.7869819224   -0.1966403925   -4.9924279270
