  -3.0277224474   -1.7132880714    2.7532685021
  -4.7727075562   -1.2009142137    1.7032685021
  -5.0667002640   -1.2107251764    0.6532685021
  -3.2865438045    0.0868540077   -0.3967314979
  -4.2186871136   -3.0877345650   -0.3967314979
  -3.2865438045   -3.5134301506   -0.3967314979
  -3.7205294527   -2.3871764938    2.8265319500
  -4.5194169264   -1.8067507691    2.5056805005
  -4.5194169264   -2.9676022185    2.5056805005
  -3.4153815909   -3.3263250443    2.5056805005
  -5.2219467804   -1.8407052773    1.6656805005
  -5.2219467804   -2.9336477103    1.6656805005
  -4.5194169264   -3.7708901877    1.6656805005
  -3.4430787447   -3.9606776495    1.6656805005
  -5.2219467804   -1.8407052773    0.6273833994
  -5.2219467804   -2.9336477103    0.6273833994
  -4.5194169264   -3.7708901877    0.6273833994
  -3.4430787447   -3.9606776495    0.6273833994
  -4.5194169264   -2.9676022185   -0.2126166006
  -3.1486766977   -0.7360578364    2.7897487433
  -2.1611974738   -0.7360578364    2.4688972938
  -2.8435288359    0.2030907142    2.4688972938
  -3.9475641714   -0.1556321117    2.4688972938
  -2.8712259898    0.8374433194    1.6288972938
  -3.9475641714    0.6476558576    1.6288972938
  -4.6500940254   -0.1895866199    1.6288972938
  -3.9475641714    0.6476558576    0.5906001927
  -4.6500940254   -0.1895866199    0.5906001927
  -2.8435288359    0.2030907142   -0.2493998073
  -3.0516240445   -0.0595163764   -0.9064324776
  -4.1279622261   -0.2493038382   -0.9064324776
  -4.8304920802   -1.0865463157   -0.9064324776
  -4.8304920802   -2.1794887487   -0.9064324776
  -4.1279622261   -3.0167312261   -0.9064324776
  -3.0516240445   -3.2065186879   -0.9064324776
  -2.3415955286   -1.6330175322   -1.7464324776
  -3.0239268907   -0.6938689816   -1.7464324776
  -4.1279622261   -1.0525918074   -1.7464324776
  -4.1279622261   -2.2134432569   -1.7464324776
  -3.0239268907   -2.5721660827   -1.7464324776
  -3.3290747525   -1.6330175322   -2.0672839271
  -1.2516225719   -4.1895592368    1.7511174602
  -2.3556579073   -4.6341243802    0.9111174602
  -1.2793197257   -4.8239118420    0.9111174602
  -0.3328038138   -4.2774406255    0.9111174602
  -3.0581877614   -3.7968819028   -0.1271796409
  -2.3556579073   -4.6341243802   -0.1271796409
  -1.2793197257   -4.8239118420   -0.1271796409
  -0.3328038138   -4.2774406255   -0.1271796409
  -2.3556579073   -3.8308364110   -0.9671796409
  -1.2516225719   -4.1895592368   -0.9671796409
  -1.5567704336   -3.2504106863   -1.2880310904
  -1.3114363864   -2.2919816753    3.5005864596
  -0.3239571625   -2.2919816753    3.1797350102
  -1.0062885246   -1.3528331248    3.1797350102
  -2.1103238600   -1.7115559506    3.1797350102
  -2.1103238600   -2.8724074001    3.1797350102
  -1.0062885246   -3.2311302259    3.1797350102
   0.2863385610   -2.2919816753    2.3397350102
  -2.1103238600   -3.6756953693    2.3397350102
  -1.0339856784   -3.8654828311    2.3397350102
  -0.0874697666   -3.3190116146    2.3397350102
  -1.6290906405    0.0455420207   -1.5598220704
  -2.3316204945   -0.7917004568   -1.5598220704
  -1.6290906405   -2.7218853672   -1.5598220704
  -0.5527524589   -2.9116728290   -1.5598220704
   0.1572760570   -1.3381716733   -2.3998220704
  -0.5250553050   -0.3990231227   -2.3998220704
  -1.6290906405   -0.7577459486   -2.3998220704
  -1.6290906405   -1.9185973980   -2.3998220704
  -0.5250553050   -2.2773202238   -2.3998220704
  -0.8302031668   -1.3381716733   -2.7206735199
   1.3930917792   -1.9251257331    1.3983038857
   0.7107604171   -2.8642742837    1.3983038857
   2.0033875027   -1.9251257331    0.5583038857
   0.6830632632   -3.4986268888    0.5583038857
   1.6295791751   -2.9521556723    0.5583038857
   2.0033875027   -1.9251257331   -0.4799932154
   0.6830632632   -3.4986268888   -0.4799932154
   1.6295791751   -2.9521556723   -0.4799932154
   1.3930917792   -1.9251257331   -1.3199932154
   0.7107604171   -2.8642742837   -1.3199932154
  -0.6294103814    1.7882111569    1.6270976846
  -2.0539555955    1.1755330651    1.8428902365
  -0.9776174139    2.1686084961    1.0028902365
  -2.0539555955    1.9788210343    1.0028902365
  -2.7564854496    1.1415785568    1.0028902365
  -2.0539555955    1.9788210343   -0.0354068646
  -2.7564854496    1.1415785568   -0.0354068646
  -2.0539555955    1.1755330651   -0.8754068646
  -2.0539555955    0.0146816156   -0.8754068646
  -0.0582325601   -0.0332308477    3.2891786867
   0.9292466637   -0.0332308477    2.9683272373
   0.2469153016    0.9059177029    2.9683272373
  -0.8571200338    0.5471948771    2.9683272373
  -0.8571200338   -0.6136565724    2.9683272373
   0.2469153016   -0.9723793982    2.9683272373
   1.5395423873   -0.0332308477    2.1283272373
   0.2192181478    1.5402703081    2.1283272373
  -0.8571200338    1.3504828463    2.1283272373
   0.2192181478   -1.6067320034    2.1283272373
   1.1657340597   -1.0602607869    2.1283272373
   2.0226347500    0.9823732435    2.0216130781
   1.5270597051    1.8407344002    2.0216130781
   0.5359096152    1.8407344002    2.0216130781
   2.8628912234    0.9823732435    1.4601716522
   2.5721619016    1.9725063850    1.4601716522
   1.7922784414    2.6482792499    1.4601716522
   0.7708483313    2.7951387286    1.4601716522
  -0.1678315860    2.3664579742    1.4601716522
   1.7922784414   -0.6835327630    1.4601716522
   2.5721619016   -0.0077598980    1.4601716522
   3.4243326494    0.9823732435    0.6199151788
   3.1873662040    2.0205910762    0.6199151788
   2.5234009788    2.8531771342    0.6199151788
   1.5639434295    3.3152275378    0.6199151788
   0.4990258908    3.3152275378    0.6199151788
  -0.4604316585    2.8531771342    0.6199151788
   2.5234009788   -0.8884306472    0.6199151788
   3.1873662040   -0.0558445892    0.6199151788
   3.6214846602    0.9823732435   -0.3712349111
   3.4243326494    1.9735233333   -0.3712349111
   2.8628912234    2.8137798068   -0.3712349111
   2.0226347500    3.3752212327   -0.3712349111
   1.0314846602    3.5723732435   -0.3712349111
   0.0403345703    3.3752212327   -0.3712349111
  -0.7999219031    2.8137798068   -0.3712349111
   2.0226347500   -1.4104747457   -0.3712349111
   2.8628912234   -0.8490333198   -0.3712349111
   3.4243326494   -0.0087768463   -0.3712349111
   3.4243326494    0.9823732435   -1.3623850009
   3.1873662040    2.0205910762   -1.3623850009
   2.5234009788    2.8531771342   -1.3623850009
   1.5639434295    3.3152275378   -1.3623850009
   0.4990258908    3.3152275378   -1.3623850009
  -0.4604316585    2.8531771342   -1.3623850009
  -1.1243968837    2.0205910762   -1.3623850009
  -1.3613633291    0.9823732435   -1.3623850009
   1.5639434295   -1.3504810508   -1.3623850009
   2.5234009788   -0.8884306472   -1.3623850009
   3.1873662040   -0.0558445892   -1.3623850009
   2.8628912234    0.9823732435   -2.2026414743
   2.5721619016    1.9725063850   -2.2026414743
   1.7922784414    2.6482792499   -2.2026414743
   0.7708483313    2.7951387286   -2.2026414743
  -0.1678315860    2.3664579742   -2.2026414743
  -0.7257370691    1.4983400972   -2.2026414743
  -0.7257370691    0.4664063898   -2.2026414743
   0.7708483313   -0.8303922416   -2.2026414743
   1.7922784414   -0.6835327630   -2.2026414743
   2.5721619016   -0.0077598980   -2.2026414743
   2.0226347500    0.9823732435   -2.7640829003
   1.5270597051    1.8407344002   -2.7640829003
   0.5359096152    1.8407344002   -2.7640829003
   0.0403345703    0.9823732435   -2.7640829003
   0.5359096152    0.1240120867   -2.7640829003
   1.5270597051    0.1240120867   -2.7640829003
   1.0314846602    0.9823732435   -2.9612349111
  -3.0277224474   -1.7132880714    3.0532685021
  -5.1358337210   -0.6980751884    1.1873187436
  -5.1358337210   -0.6980751884    0.1192182606
  -5.3675494366   -1.7132880714    0.1192182606
  -3.2947613778   -3.5705846281   -0.8431070224
  -3.7205294527   -2.3871764938    3.0665319500
  -4.2005294527   -1.5557921061    2.8093007252
  -4.6805294527   -2.3871764938    2.8093007252
  -4.2005294527   -3.2185608814    2.8093007252
  -3.2405294527   -3.2185608814    2.8093007252
  -5.0657376496   -1.4098255297    2.1065319500
  -5.3832982279   -2.3871764938    2.1065319500
  -5.0657376496   -3.3645274578    2.1065319500
  -4.2343532619   -3.9685635726    2.1065319500
  -3.2067056434   -3.9685635726    2.1065319500
  -5.3832982279   -1.4271764938    1.1465319500
  -5.6405294527   -2.3871764938    1.1465319500
  -5.3832982279   -3.3471764938    1.1465319500
  -4.6805294527   -4.0499452690    1.1465319500
  -3.7205294527   -4.3071764938    1.1465319500
  -5.3832982279   -2.3871764938    0.1865319500
  -5.0657376496   -3.3645274578    0.1865319500
  -4.2343532619   -3.9685635726    0.1865319500
  -3.1486766977   -0.7360578364    3.0297487433
  -2.1886766977   -0.7360578364    2.7725175185
  -2.6686766977    0.0953265512    2.7725175185
  -3.6286766977    0.0953265512    2.7725175185
  -4.1086766977   -0.7360578364    2.7725175185
  -2.6348528884    0.8453292424    2.0697487433
  -3.6625005070    0.8453292424    2.0697487433
  -4.4938848946    0.2412931277    2.0697487433
  -4.8114454730   -0.7360578364    2.0697487433
  -3.1486766977    1.1839421636    1.1097487433
  -4.1086766977    0.9267109389    1.1097487433
  -4.8114454730    0.2239421636    1.1097487433
  -3.6625005070    0.8453292424    0.1497487433
  -4.4938848946    0.2412931277    0.1497487433
  -4.9918435277   -0.6730175322   -0.3872839271
  -5.2490747525   -1.6330175322   -0.3872839271
  -2.8152509432   -0.0516304534   -1.3472839271
  -3.8428985617   -0.0516304534   -1.3472839271
  -4.6742829494   -0.6556665681   -1.3472839271
  -4.9918435277   -1.6330175322   -1.3472839271
  -4.6742829494   -2.6103684962   -1.3472839271
  -3.8428985617   -3.2144046110   -1.3472839271
  -2.8152509432   -3.2144046110   -1.3472839271
  -2.8490747525   -0.8016331445   -2.0500527023
  -3.8090747525   -0.8016331445   -2.0500527023
  -4.2890747525   -1.6330175322   -2.0500527023
  -3.8090747525   -2.4644019198   -2.0500527023
  -2.8490747525   -2.4644019198   -2.0500527023
  -3.3290747525   -1.6330175322   -2.3072839271
  -1.8607061393   -4.0905478556    2.2680411500
  -2.9019786305   -4.2277616503    1.3519689096
  -2.0705942429   -4.8317977651    1.3519689096
  -1.0429466244   -4.8317977651    1.3519689096
  -0.2115622367   -4.2277616503    1.3519689096
  -3.2195392089   -4.2104106863    0.3919689096
  -2.5167704336   -4.9131794615    0.3919689096
  -1.5567704336   -5.1704106863    0.3919689096
  -0.5967704336   -4.9131794615    0.3919689096
   0.1059983416   -4.2104106863    0.3919689096
  -2.9019786305   -4.2277616503   -0.5680310904
  -2.0705942429   -4.8317977651   -0.5680310904
  -1.0429466244   -4.8317977651   -0.5680310904
  -0.2115622367   -4.2277616503   -0.5680310904
  -2.5167704336   -3.2504106863   -1.2707998656
  -2.0367704336   -4.0817950739   -1.2707998656
  -1.0767704336   -4.0817950739   -1.2707998656
  -1.5567704336   -3.2504106863   -1.5280310904
  -1.3114363864   -2.2919816753    3.7405864596
  -0.3514363864   -2.2919816753    3.4833552349
  -0.8314363864   -1.4605972877    3.4833552349
  -1.7914363864   -1.4605972877    3.4833552349
  -2.2714363864   -2.2919816753    3.4833552349
  -1.7914363864   -3.1233660630    3.4833552349
  -0.8314363864   -3.1233660630    3.4833552349
   0.3513323889   -2.2919816753    2.7805864596
  -1.8252601956   -0.7105945965    2.7805864596
  -2.6566445833   -3.2693326394    2.7805864596
  -1.8252601956   -3.8733687541    2.7805864596
  -0.7976125771   -3.8733687541    2.7805864596
   0.0337718105   -3.2693326394    2.7805864596
   0.3513323889   -3.2519816753    1.8205864596
  -0.8152961563   -3.2676156152   -1.4914232381
   0.2312256592   -3.1171484939   -1.4914232381
  -1.3440269761    0.2432154055   -2.0006735199
  -2.1754113637   -0.3608207092   -2.0006735199
  -2.1754113637   -2.3155226374   -2.0006735199
  -1.3440269761   -2.9195587521   -2.0006735199
  -0.3163793575   -2.9195587521   -2.0006735199
   0.5150050301   -2.3155226374   -2.0006735199
   0.1297968332   -1.3381716733   -2.7034422952
  -0.3502031668   -0.5067872856   -2.7034422952
  -1.3102031668   -0.5067872856   -2.7034422952
  -1.7902031668   -1.3381716733   -2.7034422952
  -1.3102031668   -2.1695560609   -2.7034422952
  -0.3502031668   -2.1695560609   -2.7034422952
  -0.8302031668   -1.3381716733   -2.9606735199
   1.3656125553   -1.9251257331    1.7019241104
   0.8856125553   -2.7565101207    1.7019241104
   2.0683813306   -1.9251257331    0.9991553351
   0.9194363646   -3.5065128119    0.9991553351
   1.7508207522   -2.9024766972    0.9991553351
   2.3256125553   -1.9251257331    0.0391553351
   0.4056125553   -3.8451257331    0.0391553351
   1.3656125553   -3.5878945084    0.0391553351
   2.0683813306   -2.8851257331    0.0391553351
   2.0683813306   -1.9251257331   -0.9208446649
   0.9194363646   -3.5065128119   -0.9208446649
   1.7508207522   -2.9024766972   -0.9208446649
   1.3656125553   -1.9251257331   -1.6236134402
   0.8856125553   -2.7565101207   -1.6236134402
  -0.6376279547    1.8453656345    2.0734732091
  -1.7350681218    1.4264917280    2.1465104612
  -2.2150681218    0.5951073403    2.1465104612
  -1.7688919311    2.1764944191    1.4437416860
  -2.6002763187    1.5724583044    1.4437416860
  -2.2150681218    2.2578761156    0.4837416860
  -2.9178368971    1.5551073403    0.4837416860
  -1.7688919311    2.1764944191   -0.4762583140
  -2.6002763187    1.5724583044   -0.4762583140
  -2.9178368971    0.5951073403   -0.4762583140
  -2.2150681218    0.5951073403   -1.1790270893
  -0.0582325601   -0.0332308477    3.5291786867
   0.9017674399   -0.0332308477    3.2719474620
   0.4217674399    0.7981535400    3.2719474620
  -0.5382325601    0.7981535400    3.2719474620
  -1.0182325601   -0.0332308477    3.2719474620
  -0.5382325601   -0.8646152353    3.2719474620
   0.4217674399   -0.8646152353    3.2719474620
   1.6045362151   -0.0332308477    2.5691786867
   0.4555912492    1.5481562312    2.5691786867
  -0.5720563694    1.5481562312    2.5691786867
  -1.4034407570    0.9441201164    2.5691786867
  -1.7210013354   -0.0332308477    2.5691786867
   0.4555912492   -1.6146179265    2.5691786867
   1.2869756368   -1.0105818117    2.5691786867
   2.0438642844    0.9823732435    2.4102552465
   1.5376744723    1.8591197164    2.4102552465
   0.5252948480    1.8591197164    2.4102552465
   2.9341359848    0.9823732435    1.8962566406
   2.6320968088    2.0110242110    1.8962566406
   1.8218745849    2.7130857644    1.8962566406
   0.7607091446    2.8656583211    1.8962566406
  -0.2144869828    2.4203011723    1.8962566406
   1.8218745849   -0.7483392774    1.8962566406
   2.6320968088   -0.0462777240    1.8962566406
   3.5949198554    0.9823732435    1.1087650889
   3.3732992387    2.0250162695    1.1087650889
   2.7467576067    2.8873768443    1.1087650889
   1.8236296994    3.4203449900    1.1087650889
   0.7635327185    3.5317656725    1.1087650889
  -0.2502329374    3.2023732435    1.1087650889
  -1.0423779767    2.4891226464    1.1087650889
   2.7467576067   -0.9226303573    1.1087650889
   3.3732992387   -0.0602697825    1.1087650889
   3.9465156091    0.9823732435    0.1427636948
   3.7496700679    2.0354038805    0.1427636948
   3.1857185254    2.9462168949    0.1427636948
   2.3308257624    3.5918019421    0.1427636948
   1.3004497836    3.8849691843    0.1427636948
   0.2337485745    3.7861247608    0.1427636948
  -0.7252139558    3.3086181588    0.1427636948
  -1.4469246038    2.5169392908    0.1427636948
   2.3308257624   -1.6270554551    0.1427636948
   3.1857185254   -0.9814704079    0.1427636948
   3.7496700679   -0.0706573935    0.1427636948
   3.9465156091    0.9823732435   -0.8852335170
   3.7496700679    2.0354038805   -0.8852335170
   3.1857185254    2.9462168949   -0.8852335170
   2.3308257624    3.5918019421   -0.8852335170
   1.3004497836    3.8849691843   -0.8852335170
   0.2337485745    3.7861247608   -0.8852335170
  -0.7252139558    3.3086181588   -0.8852335170
  -1.4469246038    2.5169392908   -0.8852335170
   2.3308257624   -1.6270554551   -0.8852335170
   3.1857185254   -0.9814704079   -0.8852335170
   3.7496700679   -0.0706573935   -0.8852335170
   3.5949198554    0.9823732435   -1.8512349111
   3.3732992387    2.0250162695   -1.8512349111
   2.7467576067    2.8873768443   -1.8512349111
   1.8236296994    3.4203449900   -1.8512349111
   0.7635327185    3.5317656725   -1.8512349111
  -0.2502329374    3.2023732435   -1.8512349111
  -1.0423779767    2.4891226464   -1.8512349111
  -1.4759333257    1.5153413892   -1.8512349111
  -1.4759333257    0.4494050978   -1.8512349111
   1.8236296994   -1.4555985030   -1.8512349111
   2.7467576067   -0.9226303573   -1.8512349111
   3.3732992387   -0.0602697825   -1.8512349111
   2.9341359848    0.9823732435   -2.6387264627
   2.6320968088    2.0110242110   -2.6387264627
   1.8218745849    2.7130857644   -2.6387264627
   0.7607091446    2.8656583211   -2.6387264627
  -0.2144869828    2.4203011723   -2.6387264627
  -0.7940959171    1.5184120660   -2.6387264627
  -0.7940959171    0.4463344210   -2.6387264627
  -0.2144869828   -0.4555546853   -2.6387264627
   0.7607091446   -0.9009118341   -2.6387264627
   1.8218745849   -0.7483392774   -2.6387264627
   2.6320968088   -0.0462777240   -2.6387264627
   2.0438642844    0.9823732435   -3.1527250686
   1.5376744723    1.8591197164   -3.1527250686
   0.5252948480    1.8591197164   -3.1527250686
   0.0191050359    0.9823732435   -3.1527250686
   0.5252948480    0.1056267706   -3.1527250686
   1.5376744723    0.1056267706   -3.1527250686
   1.0314846602    0.9823732435   -3.3312349111
  -3.0277224474   -1.7132880714    3.3532685021
  -4.8595752154   -1.1754075676    2.5624568113
  -5.2751665279   -0.6309760450    1.6865137695
  -5.5221971852   -0.6800428040    0.6532685021
  -5.7277224474   -1.7132880714    0.6532685021
  -4.5830020074    0.2369708108   -0.3799767653
  -5.2751665279   -0.6309760450   -0.3799767653
  -5.5221971852   -1.7132880714   -0.3799767653
  -5.2751665279   -2.7956000978   -0.3799767653
  -4.5830020074   -3.6635469536   -0.3799767653
  -3.5827952958   -4.1452211195   -0.3799767653
  -3.7205294527   -2.3871764938    3.3065319500
  -4.8005294527   -2.3871764938    3.0171468221
  -4.2605294527   -3.3224839299    3.0171468221
  -3.1805294527   -3.3224839299    3.0171468221
  -5.5153712789   -1.8601633830    2.2265319500
  -5.5153712789   -2.9141896046    2.2265319500
  -4.9455216808   -3.8008928872    2.2265319500
  -3.9867457057   -4.2387512038    2.2265319500
  -2.9434479512   -4.0887476325    2.2265319500
  -5.8177637783   -1.8702546589    1.1465319500
  -5.8177637783   -2.9040983286    1.1465319500
  -5.3373126687   -3.8195214356    1.1465319500
  -4.4864760087   -4.4068115780    1.1465319500
  -3.4601702233   -4.5314276618    1.1465319500
  -5.5153712789   -2.9141896046    0.0665319500
  -4.9455216808   -3.8008928872    0.0665319500
  -3.9867457057   -4.2387512038    0.0665319500
  -3.1486766977   -0.7360578364    3.2697487433
  -2.6086766977    0.1992495997    2.9803636154
  -3.6886766977    0.1992495997    2.9803636154
  -4.2286766977   -0.7360578364    2.9803636154
  -3.4148929507    1.1155168736    2.1897487433
  -4.3736689258    0.6776585570    2.1897487433
  -4.9435185239   -0.2090447256    2.1897487433
  -3.9146232537    1.2835772478    1.1097487433
  -4.7654599138    0.6962871054    1.1097487433
  -5.2459110233   -0.2191360015    1.1097487433
  -3.4148929507    1.1155168736    0.0297487433
  -4.3736689258    0.6776585570    0.0297487433
  -2.5519932510    0.0685536065   -1.4672839271
  -3.5952910055    0.2185571778   -1.4672839271
  -4.5540669806   -0.2193011387   -1.4672839271
  -5.1239165786   -1.1060044214   -1.4672839271
  -5.1239165786   -2.1600306430   -1.4672839271
  -4.5540669806   -3.0467339256   -1.4672839271
  -3.5952910055   -3.4845922421   -1.4672839271
  -2.7890747525   -0.6977100961   -2.2578987992
  -3.8690747525   -0.6977100961   -2.2578987992
  -4.4090747525   -1.6330175322   -2.2578987992
  -3.8690747525   -2.5683249683   -2.2578987992
  -2.7890747525   -2.5683249683   -2.2578987992
  -3.3290747525   -1.6330175322   -2.5472839271
  -2.8439196664   -3.6761195510    2.6808539347
  -0.0383876490   -4.1835101812    1.8049108929
   0.6537768715   -3.3155633253    1.8049108929
  -2.1102898427   -3.1280679488   -1.7228091123
  -2.7817626618   -4.6641270797    1.4719689096
  -1.8229866866   -5.1019853962    1.4719689096
  -0.7796889322   -4.9519818250    1.4719689096
  -3.1735536497   -4.6827556281    0.3919689096
  -2.3227169897   -5.2700457705    0.3919689096
  -1.2964112043   -5.3946618543    0.3919689096
  -0.3297505807   -5.0280558366    0.3919689096
   0.3558145818   -4.2542127379    0.3919689096
  -2.7817626618   -4.6641270797   -0.6880310904
  -1.8229866866   -5.1019853962   -0.6880310904
  -0.7796889322   -4.9519818250   -0.6880310904
   0.0168909361   -4.2617414399   -0.6880310904
  -2.0967704336   -4.1857181224   -1.4786459625
  -1.0167704336   -4.1857181224   -1.4786459625
  -1.5567704336   -3.2504106863   -1.7680310904
  -1.3114363864   -2.2919816753    3.9805864596
  -0.2314363864   -2.2919816753    3.6912013318
  -0.7714363864   -1.3566742393    3.6912013318
  -1.8514363864   -1.3566742393    3.6912013318
  -2.3914363864   -2.2919816753    3.6912013318
  -1.8514363864   -3.2272891114    3.6912013318
  -0.7714363864   -3.2272891114    3.6912013318
   0.5591784858   -2.2919816753    2.9005864596
  -2.5364286145   -3.7056980688    2.9005864596
  -1.5776526394   -4.1435563853    2.9005864596
  -0.5343548849   -3.9935528141    2.9005864596
   0.2622249834   -3.3033124290    2.9005864596
   0.0068156225   -3.8422521066   -1.0282929811
   0.2448482604   -3.1469778297   -1.9042360229
  -2.0551953949    0.0755447201   -2.1206735199
  -2.0551953949   -2.7518880667   -2.1206735199
  -1.0964194198   -3.1897463833   -2.1206735199
  -0.0531216654   -3.0397428120   -2.1206735199
   0.2497968332   -1.3381716733   -2.9112883921
  -1.3702031668   -0.4028642372   -2.9112883921
  -1.9102031668   -1.3381716733   -2.9112883921
  -1.3702031668   -2.2734791094   -2.9112883921
  -0.2902031668   -2.2734791094   -2.9112883921
  -0.8302031668   -1.3381716733   -3.2006735199
   1.4856125553   -1.9251257331    1.9097702073
   0.9456125553   -2.8604331692    1.9097702073
   2.2762274275   -1.9251257331    1.1191553351
   1.1826940568   -3.6266968718    1.1191553351
   1.9792739251   -2.9364564867    1.1191553351
   0.6659717847   -4.0693769012    0.0391553351
   1.6326324082   -3.7027708834    0.0391553351
   2.3181975707   -2.9289277847    0.0391553351
   1.1826940568   -3.6266968718   -1.0408446649
   1.9792739251   -2.9364564867   -1.0408446649
   0.9456125553   -2.8604331692   -1.8314595371
  -0.6422948498    1.8778246028    2.4862859938
  -1.6208414818    1.4309373298    2.4862859938
  -1.7950681218    1.5304147764    2.3543565582
  -1.5212843748    2.4466820503    1.5637416860
  -2.4800603500    2.0088237338    1.5637416860
  -2.0210146778    2.6147424245    0.4837416860
  -2.8718513379    2.0274522821    0.4837416860
  -2.4800603500    2.0088237338   -0.5962583140
  -3.0499099480    1.1221204511   -0.5962583140
  -2.3350681218    0.5951073403   -1.3868731862
  -0.0582325601   -0.0332308477    3.7691786867
   1.0217674399   -0.0332308477    3.4797935589
   0.4817674399    0.9020765884    3.4797935589
  -0.5982325601    0.9020765884    3.4797935589
  -1.1382325601   -0.0332308477    3.4797935589
  -0.5982325601   -0.9685382837    3.4797935589
   0.4817674399   -0.9685382837    3.4797935589
  -0.3244488131    1.8183438623    2.6891786867
   0.7188489413   -1.7348019864    2.6891786867
   1.5154288097   -1.0445616013    2.6891786867
   2.0605112514    0.9823732435    2.7957832882
   1.5459979558    1.8735364127    2.7957832882
   0.5169713645    1.8735364127    2.7957832882
   2.9888095503    0.9823732435    2.3227916802
   2.6780911389    2.0405829721    2.3227916802
   1.8445868048    2.7628185889    2.3227916802
   0.7529282850    2.9197753885    2.3227916802
  -0.2502905540    2.4616206961    2.3227916802
   1.8445868048   -0.7980721019    2.3227916802
   2.6780911389   -0.0758364851    2.3227916802
   3.7255112514    0.9823732435    1.5860899791
   3.5204406879    2.0133325863    1.5860899791
   2.9364491315    2.8873377149    1.5860899791
   2.0624440030    3.4713292712    1.5860899791
   1.0314846602    3.6763998348    1.5860899791
   0.0005253173    3.4713292712    1.5860899791
  -0.8734798112    2.8873377149    1.5860899791
   2.0624440030   -1.5065827842    1.5860899791
   2.9364491315   -0.9225912279    1.5860899791
   3.5204406879   -0.0485860993    1.5860899791
   4.1985028594    0.9823732435    0.6577916802
   4.0269050778    2.0107023718    0.6577916802
   3.5307070152    2.9275960828    0.6577916802
   2.7636794310    3.6336947160    0.6577916802
   1.8089416656    4.0524815281    0.6577916802
   0.7699543702    4.1385744699    0.6577916802
  -0.2406920603    3.8826440354    0.6577916802
  -1.1134784032    3.3124242582    0.6577916802
   2.7636794310   -1.6689482290    0.6577916802
   3.5307070152   -0.9628495958    0.6577916802
   4.0269050778   -0.0459558848    0.6577916802
   4.3614846602    0.9823732435   -0.3712349111
   4.1985028594    2.0113998348   -0.3712349111
   3.7255112514    2.9396981336   -0.3712349111
   2.9888095503    3.6763998348   -0.3712349111
   2.0605112514    4.1493914428   -0.3712349111
   1.0314846602    4.3123732435   -0.3712349111
   0.0024580689    4.1493914428   -0.3712349111
  -0.9258402300    3.6763998348   -0.3712349111
  -1.6625419311    2.9396981336   -0.3712349111
   2.9888095503   -1.7116533478   -0.3712349111
   3.7255112514   -0.9749516466   -0.3712349111
   4.1985028594   -0.0466533478   -0.3712349111
   4.1985028594    0.9823732435   -1.4002615023
   4.0269050778    2.0107023718   -1.4002615023
   3.5307070152    2.9275960828   -1.4002615023
   2.7636794310    3.6336947160   -1.4002615023
   1.8089416656    4.0524815281   -1.4002615023
   0.7699543702    4.1385744699   -1.4002615023
  -0.2406920603    3.8826440354   -1.4002615023
  -1.1134784032    3.3124242582   -1.4002615023
  -1.7538247157    2.4897072991   -1.4002615023
  -2.0923395388    1.5036473064   -1.4002615023
   2.7636794310   -1.6689482290   -1.4002615023
   3.5307070152   -0.9628495958   -1.4002615023
   4.0269050778   -0.0459558848   -1.4002615023
   3.7255112514    0.9823732435   -2.3285598012
   3.5204406879    2.0133325863   -2.3285598012
   2.9364491315    2.8873377149   -2.3285598012
   2.0624440030    3.4713292712   -2.3285598012
   1.0314846602    3.6763998348   -2.3285598012
   0.0005253173    3.4713292712   -2.3285598012
  -0.8734798112    2.8873377149   -2.3285598012
  -1.4574713676    2.0133325863   -2.3285598012
  -1.6625419311    0.9823732435   -2.3285598012
   1.0314846602   -1.7116533478   -2.3285598012
   2.0624440030   -1.5065827842   -2.3285598012
   2.9364491315   -0.9225912279   -2.3285598012
   3.5204406879   -0.0485860993   -2.3285598012
   2.9888095503    0.9823732435   -3.0652615023
   2.6780911389    2.0405829721   -3.0652615023
   1.8445868048    2.7628185889   -3.0652615023
   0.7529282850    2.9197753885   -3.0652615023
  -0.2502905540    2.4616206961   -3.0652615023
  -0.8465548190    1.5338153894   -3.0652615023
  -0.8465548190    0.4309310976   -3.0652615023
  -0.2502905540   -0.4968742091   -3.0652615023
   0.7529282850   -0.9550289015   -3.0652615023
   1.8445868048   -0.7980721019   -3.0652615023
   2.6780911389   -0.0758364851   -3.0652615023
   2.0605112514    0.9823732435   -3.5382531103
   1.5459979558    1.8735364127   -3.5382531103
   0.5169713645    1.8735364127   -3.5382531103
   0.0024580689    0.9823732435   -3.5382531103
   0.5169713645    0.0912100743   -3.5382531103
   1.5459979558    0.0912100743   -3.5382531103
   1.0314846602    0.9823732435   -3.7012349111
  -3.0277224474   -1.7132880714    3.6532685021
  -2.5146922324   -0.8246936732    3.4723463644
  -4.0537828774   -1.7132880714    3.4723463644
  -4.8779730325   -1.1700054811    2.9514018314
  -5.5690244601   -1.1731176534    2.1532685021
  -5.5396237284   -0.1579846451    1.1742130351
  -5.9318410361   -1.1704142221    1.1742130351
  -5.5396237284   -0.1579846451    0.1323239691
  -5.9318410361   -1.1704142221    0.1323239691
  -5.9318410361   -2.2561619207    0.1323239691
  -3.2992953612    0.8705556066   -0.8467314979
  -4.3267605531    0.5367119286   -0.8467314979
  -5.1296102551   -3.2403989528   -0.8467314979
  -4.3267605531   -3.9632880714   -0.8467314979
  -3.7205294527   -2.3871764938    3.5465319500
  -4.7618504266   -2.3871764938    3.3088572329
  -4.2411899396   -3.2889869107    3.3088572329
  -3.1998689657   -3.2889869107    3.3088572329
  -5.5209178062   -1.8585347756    2.6429074744
  -5.5209178062   -2.9158182120    2.6429074744
  -4.9493072249   -3.8052616380    2.6429074744
  -3.9875683830   -4.2444730505    2.6429074744
  -5.8286407263   -1.3719636108    1.6805821914
  -6.0603564419   -2.3871764938    1.6805821914
  -5.8286407263   -3.4023893768    1.6805821914
  -5.1793877186   -4.2165268975    1.6805821914
  -4.2411899396   -4.6683391353    1.6805821914
  -3.1998689657   -4.6683391353    1.6805821914
  -6.0603564419   -2.3871764938    0.6124817085
  -5.8286407263   -3.4023893768    0.6124817085
  -5.1793877186   -4.2165268975    0.6124817085
  -4.2411899396   -4.6683391353    0.6124817085
  -4.9493072249   -3.8052616380   -0.3498435745
  -3.1486766977   -0.7360578364    3.5097487433
  -2.6280162108    0.1657525805    3.2720740262
  -3.6693371846    0.1657525805    3.2720740262
  -4.1899976716   -0.7360578364    3.2720740262
  -2.3691938126    0.9707715990    2.6061242677
  -3.4157156281    1.1212387203    2.6061242677
  -4.3774544699    0.6820273078    2.6061242677
  -4.9490650512   -0.2074161182    2.6061242677
  -3.6693371846    1.5451048051    1.6437989848
  -4.6075349636    1.0932925673    1.6437989848
  -5.2567879713    0.2791550466    1.6437989848
  -3.6693371846    1.5451048051    0.5756985018
  -4.6075349636    1.0932925673    0.5756985018
  -4.7879330184    0.1963328715   -0.9213341686
  -5.4371860260   -0.6178046492   -0.9213341686
  -5.6689017417   -1.6330175322   -0.9213341686
  -5.4371860260   -2.6482304151   -0.9213341686
  -3.5961136828    0.2242790245   -1.8836594515
  -4.5578525247   -0.2149323879   -1.8836594515
  -5.1294631060   -1.1043758140   -1.8836594515
  -5.1294631060   -2.1616592503   -1.8836594515
  -4.5578525247   -3.0511026764   -1.8836594515
  -3.5961136828   -3.4903140888   -1.8836594515
  -2.5495918674   -3.3398469676   -1.8836594515
  -2.8084142655   -0.7312071153   -2.5496092100
  -3.8497352394   -0.7312071153   -2.5496092100
  -4.3703957263   -1.6330175322   -2.5496092100
  -3.8497352394   -2.5348279490   -2.5496092100
  -2.8084142655   -2.5348279490   -2.5496092100
  -3.3290747525   -1.6330175322   -2.7872839271
  -2.8564763065   -3.6906106862    3.0697989549
  -2.8927053146   -4.4832512989    2.2716656255
  -1.8652401228   -4.8170949770    2.2716656255
  -0.7908175070   -4.7041686096    2.2716656255
   0.1447851017   -4.1639981916    2.2716656255
   0.5896779247   -4.2236333781    1.2926101585
  -2.1066974240   -3.1218456971   -2.0474122369
  -1.8238093640   -5.1077072430    1.8883444341
  -0.7772875485   -4.9572401217    1.8883444341
  -3.0156286995   -5.0797610900    0.9260191511
  -2.0774309206   -5.5315733278    0.9260191511
  -1.0361099467   -5.5315733278    0.9260191511
  -0.0979121677   -5.0797610900    0.9260191511
  -3.0156286995   -5.0797610900   -0.1420813319
  -2.0774309206   -5.5315733278   -0.1420813319
  -1.0361099467   -5.5315733278   -0.1420813319
  -0.0979121677   -5.0797610900   -0.1420813319
  -2.7855482059   -4.6684958305   -1.1044066148
  -1.8238093640   -5.1077072430   -1.1044066148
  -0.7772875485   -4.9572401217   -1.1044066148
   0.0217539585   -4.2648667146   -1.1044066148
  -2.0774309206   -4.1522211031   -1.7703563733
  -1.0361099467   -4.1522211031   -1.7703563733
  -1.3114363864   -2.2919816753    4.2205864596
  -0.2701154125   -2.2919816753    3.9829117426
  -0.7907758994   -1.3901712585    3.9829117426
  -1.8320968733   -1.3901712585    3.9829117426
  -2.3527573602   -2.2919816753    3.9829117426
  -1.8320968733   -3.1937920922    3.9829117426
  -0.7907758994   -3.1937920922    3.9829117426
   0.5649591716   -2.2919816753    3.3169619841
  -2.5402141586   -3.7100668196    3.3169619841
  -1.5784753167   -4.1492782320    3.3169619841
  -0.5319535013   -3.9988111108    3.3169619841
   0.2670880057   -3.3064377036    3.3169619841
   0.1474218795   -4.1213320791    2.3546367011
   0.7966748872   -3.3071945583    2.3546367011
   1.0739848166   -2.4528707148    2.3030856157
   0.2545924761   -3.8812363691   -1.4950477137
   0.2528136438   -3.1644195865   -2.2931810430
   1.0739848166   -2.4528707148   -2.2931810430
  -2.0589809390    0.0799134709   -2.5370490443
  -2.6305915204   -0.8095299551   -2.5370490443
  -2.0589809390   -2.7562568175   -2.5370490443
  -1.0972420972   -3.1954682300   -2.5370490443
  -0.0507202817   -3.0450011087   -2.5370490443
   0.7483212253   -2.3526277016   -2.5370490443
   0.2111178071   -1.3381716733   -3.2029988029
  -1.3508636538   -0.4363612564   -3.2029988029
  -1.8715241407   -1.3381716733   -3.2029988029
  -1.3508636538   -2.2399820902   -3.2029988029
  -0.3095426799   -2.2399820902   -3.2029988029
  -0.8302031668   -1.3381716733   -3.4406735199
   1.4469335292   -1.9251257331    2.2014806181
   1.1850954404   -3.6319551685    1.5355308596
   1.9841369474   -2.9395817614    1.5355308596
   0.9262730423   -4.2062883746    0.5732055766
   1.8644708212   -3.7544761368    0.5732055766
   2.5137238289   -2.9403386161    0.5732055766
   0.9262730423   -4.2062883746   -0.4948949064
   1.8644708212   -3.7544761368   -0.4948949064
   2.5137238289   -2.9403386161   -0.4948949064
   1.1850954404   -3.6319551685   -1.4572201894
   1.9841369474   -2.9395817614   -1.4572201894
  -1.6333981219    1.4454284651    2.8752310140
  -1.5221070522    2.4524038970    1.9801172104
  -2.4838458941    2.0131924846    1.9801172104
  -2.7139263877    2.4244577441    1.0177919275
  -2.7139263877    2.4244577441   -0.0503085555
  -3.3631793954    1.6103202233   -0.0503085555
  -2.4838458941    2.0131924846   -1.0126338385
  -3.0554564754    1.1237490585   -1.0126338385
  -0.0582325601   -0.0332308477    4.0091786867
   0.9830884138   -0.0332308477    3.7715039697
   0.4624279268    0.8685795692    3.7715039697
  -0.5788930471    0.8685795692    3.7715039697
  -1.0995535340   -0.0332308477    3.7715039697
  -0.5788930471   -0.9350412645    3.7715039697
   0.4624279268   -0.9350412645    3.7715039697
   1.8181629978   -0.0332308477    3.1055542112
  -0.3252714905    1.8240657090    3.1055542112
  -1.2870103324    1.3848542966    3.1055542112
   0.7212503250   -1.7400602831    3.1055542112
   1.5202918320   -1.0476868760    3.1055542112
   2.0738951205    0.9823732435    3.1788890913
   1.5526898903    1.8851271833    3.1788890913
   0.5102794300    1.8851271833    3.1788890913
   3.0318556847    0.9823732435    2.7414031604
   2.7638567844    1.9825587558    2.7414031604
   2.0316701724    2.7147453678    2.7414031604
   1.0314846602    2.9827442681    2.7414031604
   0.0312991479    2.7147453678    2.7414031604
   2.0316701724   -0.7499988808    2.7414031604
   2.7638567844   -0.0178122688    2.7414031604
   3.8277580853    0.9823732435    2.0517498045
   3.6389319749    1.9925037147    2.0517498045
   3.0979556563    2.8662104684    2.0517498045
   2.2778909790    3.4854945662    2.0517498045
   1.2894922217    3.7667182591    2.0517498045
   0.2662481136    3.6719007291    2.0517498045
  -0.6536465586    3.2138476089    2.0517498045
  -1.3459549221    2.4544215107    2.0517498045
   2.2778909790   -1.5207480793    2.0517498045
   3.0979556563   -0.9014639814    2.0517498045
   3.6389319749   -0.0277572277    2.0517498045
   4.3971230430    0.9823732435    1.1658006370
   4.2323969756    2.0224127007    1.1658006370
   3.7543433088    2.9606458495    1.1658006370
   3.0097572661    3.7052318921    1.1658006370
   2.0715241174    4.1832855590    1.1658006370
   1.0314846602    4.3480116263    1.1658006370
  -0.0085547971    4.1832855590    1.1658006370
  -0.9467879458    3.7052318921    1.1658006370
  -1.6913739885    2.9606458495    1.1658006370
   3.0097572661   -1.7404854051    1.1658006370
   3.7543433088   -0.9958993625    1.1658006370
   4.2323969756   -0.0576662137    1.1658006370
   4.6938239951    0.9823732435    0.1553299905
   4.5454735190    2.0141734684    0.1553299905
   4.1124405641    2.9623833753    0.1553299905
   3.4298068850    3.7501846370    0.1553299905
   2.5528754026    4.3137542804    0.1553299905
   1.5526898903    4.6074352447    0.1553299905
   0.5102794300    4.6074352447    0.1553299905
  -0.4899060823    4.3137542804    0.1553299905
  -1.3668375647    3.7501846370    0.1553299905
  -2.0494712438    2.9623833753    0.1553299905
   3.4298068850   -1.7854381500    0.1553299905
   4.1124405641   -0.9976368884    0.1553299905
   4.5454735190   -0.0494269814    0.1553299905
   4.6938239951    0.9823732435   -0.8977998127
   4.5454735190    2.0141734684   -0.8977998127
   4.1124405641    2.9623833753   -0.8977998127
   3.4298068850    3.7501846370   -0.8977998127
   2.5528754026    4.3137542804   -0.8977998127
   1.5526898903    4.6074352447   -0.8977998127
   0.5102794300    4.6074352447   -0.8977998127
  -0.4899060823    4.3137542804   -0.8977998127
  -1.3668375647    3.7501846370   -0.8977998127
  -2.0494712438    2.9623833753   -0.8977998127
   3.4298068850   -1.7854381500   -0.8977998127
   4.1124405641   -0.9976368884   -0.8977998127
   4.5454735190   -0.0494269814   -0.8977998127
   4.3971230430    0.9823732435   -1.9082704592
   4.2323969756    2.0224127007   -1.9082704592
   3.7543433088    2.9606458495   -1.9082704592
   3.0097572661    3.7052318921   -1.9082704592
   2.0715241174    4.1832855590   -1.9082704592
   1.0314846602    4.3480116263   -1.9082704592
  -0.0085547971    4.1832855590   -1.9082704592
  -0.9467879458    3.7052318921   -1.9082704592
  -1.6913739885    2.9606458495   -1.9082704592
  -2.1694276553    2.0224127007   -1.9082704592
  -2.3341537227    0.9823732435   -1.9082704592
   2.0715241174   -2.2185390720   -1.9082704592
   3.0097572661   -1.7404854051   -1.9082704592
   3.7543433088   -0.9958993625   -1.9082704592
   4.2323969756   -0.0576662137   -1.9082704592
   3.8277580853    0.9823732435   -2.7942196267
   3.6389319749    1.9925037147   -2.7942196267
   3.0979556563    2.8662104684   -2.7942196267
   2.2778909790    3.4854945662   -2.7942196267
   1.2894922217    3.7667182591   -2.7942196267
   0.2662481136    3.6719007291   -2.7942196267
  -0.6536465586    3.2138476089   -2.7942196267
  -1.3459549221    2.4544215107   -2.7942196267
  -1.7171768961    1.4961871370   -2.7942196267
  -1.7171768961    0.4685593499   -2.7942196267
   1.2894922217   -1.8019717722   -2.7942196267
   2.2778909790   -1.5207480793   -2.7942196267
   3.0979556563   -0.9014639814   -2.7942196267
   3.6389319749   -0.0277572277   -2.7942196267
   3.0318556847    0.9823732435   -3.4838729825
   2.7638567844    1.9825587558   -3.4838729825
   2.0316701724    2.7147453678   -3.4838729825
   1.0314846602    2.9827442681   -3.4838729825
   0.0312991479    2.7147453678   -3.4838729825
  -0.7008874641    1.9825587558   -3.4838729825
  -0.9688863644    0.9823732435   -3.4838729825
  -0.7008874641   -0.0178122688   -3.4838729825
   0.0312991479   -0.7499988808   -3.4838729825
   1.0314846602   -1.0179977811   -3.4838729825
   2.0316701724   -0.7499988808   -3.4838729825
   2.7638567844   -0.0178122688   -3.4838729825
   2.0738951205    0.9823732435   -3.9213589134
   1.5526898903    1.8851271833   -3.9213589134
   0.5102794300    1.8851271833   -3.9213589134
  -0.0109258002    0.9823732435   -3.9213589134
   0.5102794300    0.0796193037   -3.9213589134
   1.5526898903    0.0796193037   -3.9213589134
   1.0314846602    0.9823732435   -4.0712349111
