    0.0101196077
    0.0056711841
    0.0044369867
    0.0107810776
    0.0055371101
    0.0091648538
    0.0098327713
    0.0079508127
    0.0118785908
    0.0117099978
    0.0075653968
    0.0111712693
    0.0125293493
    0.0118878172
    0.0053559104
    0.0082929276
    0.0098149679
    0.0106895227
    0.0052348277
    0.0118189688
    0.0187581020
    0.0173369341
    0.0114422512
    0.0212524728
    0.0141643849
    0.0085224641
    0.0121974775
    0.0066662494
    0.0167968658
    0.0113602461
    0.0081005083
    0.0075309518
    0.0069404416
    0.0070192448
    0.0104981819
    0.0162965487
    0.0122871756
    0.0110767362
    0.0108143526
    0.0122037387
    0.0128450293
    0.0076608745
    0.0112255457
    0.0110253924
    0.0100553742
    0.0110695787
    0.0126225031
    0.0129827782
    0.0120476181
    0.0120176194
    0.0126007340
    0.0127526108
    0.0152742779
    0.0162004500
    0.0191901743
    0.0145502505
    0.0123493723
    0.0126178429
    0.0161187197
    0.0093046734
    0.0084668384
    0.0110579545
    0.0105546255
    0.0150191755
    0.0135440317
    0.0095400638
   -0.0018339651
   -0.0020166059
    0.0096128302
    0.0119589651
    0.0071771887
    0.0066123169
    0.0115971161
    0.0131471305
    0.0042787159
    0.0121612013
    0.0103560874
   -0.0015010061
    0.0102389312
    0.0074071831
   -0.0038246014
    0.0049783260
    0.0097393296
    0.0202311302
    0.0069175463
    0.0163978800
    0.0227840224
    0.0134089738
    0.0192660120
    0.0127700238
    0.0189154192
    0.0201908226
    0.0160780205
    0.0148222585
    0.0192225009
    0.0229237449
    0.0214859641
    0.0066631266
    0.0066565596
    0.0157792073
    0.0236996030
    0.0157733633
   -0.0132437919
   -0.0152167439
   -0.0035959522
   -0.0223180454
   -0.0234391447
   -0.0231605799
   -0.0189291076
   -0.0056346656
    0.0006431470
   -0.0160107996
   -0.0229211896
   -0.0209610440
   -0.0214263427
   -0.0236720790
   -0.0225340688
   -0.0124098297
   -0.0146127627
   -0.0228271956
   -0.0185363730
   -0.0141634944
   -0.0138506534
   -0.0179451992
   -0.0227634049
   -0.0229438480
   -0.0144369243
   -0.0096167829
   -0.0214318649
   -0.0227857673
   -0.0143171072
   -0.0087567718
   -0.0097473219
   -0.0164810374
   -0.0227678098
   -0.0219475802
   -0.0120198856
    0.0018017619
   -0.0143418783
   -0.0222147631
   -0.0211776544
   -0.0141426838
   -0.0097166405
   -0.0132634557
   -0.0207277712
   -0.0234341882
   -0.0182668339
   -0.0103818869
   -0.0160347722
   -0.0223391388
   -0.0211205410
   -0.0181283360
   -0.0174471123
   -0.0228447637
   -0.0222901028
   -0.0213898250
   -0.0228008384
   -0.0225434763
    0.0097153572
    0.0050317750
    0.0044662228
    0.0042412825
    0.0085017242
    0.0088569842
    0.0069764106
    0.0086309212
    0.0100099443
    0.0100665868
    0.0060713140
    0.0082592062
    0.0100076365
    0.0104911874
    0.0101687207
    0.0050579688
    0.0069742374
    0.0086935365
    0.0095119848
    0.0098239747
    0.0050765942
    0.0066239503
    0.0076610200
    0.0107736918
    0.0162200633
    0.0150679693
    0.0114379374
    0.0078799663
    0.0182749038
    0.0132480046
    0.0093394994
    0.0061686638
    0.0173982414
    0.0112914439
    0.0075830629
    0.0115769984
    0.0068206278
    0.0051490967
    0.0047306688
    0.0106782177
    0.0080578617
    0.0073103636
    0.0070549079
    0.0069427808
    0.0077059076
    0.0102778791
    0.0106309321
    0.0092618218
    0.0090673211
    0.0093326590
    0.0108608147
    0.0103733812
    0.0077419652
    0.0101294082
    0.0089215340
    0.0083865296
    0.0081752437
    0.0100028938
    0.0101758761
    0.0102093091
    0.0097381853
    0.0098036117
    0.0099270925
    0.0106567220
    0.0105343687
    0.0100660823
    0.0110919575
    0.0103754943
    0.0101946553
    0.0111347645
    0.0129420489
    0.0137242711
    0.0161765826
    0.0140604016
    0.0116037968
    0.0107747018
    0.0113480727
    0.0139709236
    0.0181916011
    0.0100848590
    0.0086067476
    0.0087566763
    0.0105110854
    0.0104512656
    0.0098930392
    0.0056585121
    0.0018987837
    0.0094630462
    0.0121848399
    0.0098304503
    0.0061169989
    0.0002396238
   -0.0026852479
   -0.0046900165
    0.0036575508
    0.0085901691
    0.0081078977
    0.0039764921
    0.0039221811
    0.0108435482
    0.0115885062
    0.0037194894
    0.0100880222
    0.0081222494
   -0.0021593722
    0.0103983241
    0.0082659612
    0.0050991174
   -0.0056347125
    0.0066480594
    0.0030302244
   -0.0057591936
    0.0019137800
    0.0080059139
    0.0152280555
    0.0203482264
    0.0111378088
    0.0167483607
    0.0109756632
    0.0159494035
    0.0041439828
    0.0120954952
    0.0144142454
    0.0114918912
    0.0162209496
    0.0129055130
    0.0117116970
    0.0145375979
    0.0178105730
    0.0192786117
    0.0168013908
    0.0061975832
    0.0046294290
    0.0106560409
    0.0165045656
    0.0203611895
    0.0181732086
    0.0124987997
   -0.0078188681
   -0.0095078370
   -0.0006510348
   -0.0156532399
   -0.0172280947
   -0.0166479148
   -0.0125730506
   -0.0022587604
    0.0035833615
   -0.0097568034
   -0.0182070620
   -0.0180308663
   -0.0181663731
   -0.0185978178
   -0.0171273247
   -0.0109020803
    0.0024098757
   -0.0098406284
   -0.0164731856
   -0.0169831865
   -0.0151576766
   -0.0148613851
   -0.0164992657
   -0.0183810481
   -0.0176700510
   -0.0117244266
    0.0018385393
   -0.0053416644
   -0.0152693909
   -0.0180378935
   -0.0143655461
   -0.0114558217
   -0.0109939339
   -0.0134012704
   -0.0168664832
   -0.0183557854
   -0.0151705060
   -0.0060594335
   -0.0108999364
   -0.0170146029
   -0.0172830407
   -0.0127394945
   -0.0096034297
   -0.0097864987
   -0.0132229203
   -0.0171564794
   -0.0180424118
   -0.0139374990
   -0.0060394517
    0.0022338551
   -0.0134436438
   -0.0173463364
   -0.0165125928
   -0.0133571175
   -0.0110328926
   -0.0129830482
   -0.0169423292
   -0.0180272037
   -0.0144238010
   -0.0090503665
   -0.0068830017
   -0.0126119999
   -0.0170556236
   -0.0169243771
   -0.0156941694
   -0.0154218469
   -0.0179356904
   -0.0169320703
   -0.0162437617
   -0.0176622648
   -0.0177158694
    0.0094688121
    0.0061316767
    0.0054333879
    0.0045323722
    0.0047678251
    0.0059832924
    0.0048001873
    0.0045371183
    0.0049174129
    0.0058884592
    0.0077753721
    0.0083326654
    0.0077060724
    0.0087978541
    0.0092675327
    0.0064819995
    0.0079044479
    0.0088385263
    0.0091250793
    0.0091201119
    0.0054899693
    0.0068325585
    0.0078518786
    0.0084171282
    0.0090648636
    0.0054275494
    0.0064340630
    0.0075333669
    0.0101273673
    0.0136876336
    0.0101668470
    0.0074497276
    0.0125432919
    0.0092956288
    0.0067858761
    0.0110012392
    0.0077959229
    0.0055486276
    0.0122487964
    0.0074213474
    0.0102174203
    0.0075216455
    0.0064696260
    0.0061748724
    0.0061058933
    0.0063750318
    0.0075903410
    0.0089141545
    0.0076839784
    0.0075888443
    0.0079867272
    0.0094848580
    0.0086872077
    0.0092603576
    0.0075347944
    0.0096612179
    0.0104325522
    0.0087249349
    0.0079275735
    0.0075123165
    0.0089778323
    0.0088940204
    0.0087039006
    0.0083554001
    0.0088438872
    0.0089493968
    0.0091321743
    0.0088392329
    0.0086114095
    0.0090568259
    0.0087127546
    0.0099724249
    0.0113609791
    0.0120155289
    0.0145269191
    0.0126671411
    0.0103907219
    0.0095690042
    0.0099193099
    0.0123219894
    0.0088383547
    0.0078439886
    0.0081086640
    0.0094869831
    0.0083356491
    0.0040612777
    0.0058494272
    0.0100286992
    0.0079806087
    0.0044899220
   -0.0040632293
    0.0018136896
    0.0068796723
    0.0065781875
    0.0027209680
    0.0022580310
    0.0093846545
    0.0103693783
    0.0018184827
    0.0084055717
    0.0061534461
    0.0085585134
    0.0063371361
    0.0029684392
    0.0049456472
    0.0010852072
    0.0011923290
    0.0073711953
    0.0130928568
    0.0130585425
    0.0067819920
    0.0121985720
    0.0059380316
    0.0114532925
    0.0071329484
    0.0111926555
    0.0090306014
    0.0134718722
    0.0100699243
    0.0089821601
    0.0120578938
    0.0153920318
    0.0167690714
    0.0140623345
    0.0065232219
    0.0146158497
    0.0092729332
   -0.0043160349
   -0.0057154462
    0.0011073912
   -0.0107856057
   -0.0124032267
   -0.0117797740
   -0.0081818841
   -0.0000748752
    0.0050668775
   -0.0056148283
   -0.0138757657
   -0.0144316362
   -0.0145740991
   -0.0144268107
   -0.0130341432
   -0.0089588907
   -0.0010002680
    0.0028337789
   -0.0065295887
   -0.0117511446
   -0.0142872036
   -0.0138065994
   -0.0136337224
   -0.0141232104
   -0.0147302444
   -0.0142611926
   -0.0113556479
   -0.0048146869
   -0.0050036149
   -0.0113778899
   -0.0139619559
   -0.0131628964
   -0.0118770172
   -0.0113760513
   -0.0120806475
   -0.0135400317
   -0.0146207037
   -0.0139432958
   -0.0103228445
   -0.0029159726
   -0.0090524910
   -0.0132207369
   -0.0140967305
   -0.0118230441
   -0.0100915759
   -0.0095632023
   -0.0106207933
   -0.0126484606
   -0.0143094545
   -0.0141201945
   -0.0110420805
   -0.0049179564
    0.0029511626
   -0.0109459885
   -0.0136719935
   -0.0135349893
   -0.0113025031
   -0.0095709293
   -0.0095053668
   -0.0112225354
   -0.0134798243
   -0.0144309614
   -0.0127321534
   -0.0083966191
   -0.0028432182
   -0.0069937914
   -0.0114198831
   -0.0136865456
   -0.0132894986
   -0.0119386218
   -0.0107329883
   -0.0118230724
   -0.0138870965
   -0.0140693136
   -0.0113223977
   -0.0074872765
   -0.0061165338
   -0.0098301603
   -0.0131873516
   -0.0136692407
   -0.0132274512
   -0.0131548915
   -0.0142151491
   -0.0130416031
   -0.0124957275
   -0.0138473124
   -0.0140290523
    0.0090785853
    0.0115593733
    0.0072784784
    0.0062511123
    0.0054790417
    0.0052144532
    0.0047254035
    0.0046870454
    0.0042849488
    0.0047259840
    0.0090868297
    0.0062321996
    0.0051949615
    0.0060441401
    0.0079370036
    0.0071317931
    0.0079045128
    0.0086295708
    0.0062280846
    0.0071278257
    0.0078403871
    0.0081987059
    0.0052246772
    0.0060270003
    0.0069188581
    0.0075509023
    0.0079631492
    0.0084507707
    0.0051864628
    0.0060385173
    0.0067335072
    0.0074236928
    0.0057295544
    0.0095779519
    0.0120803277
    0.0092066641
    0.0073640595
    0.0142778502
    0.0108123285
    0.0083780106
    0.0066081946
    0.0107100098
    0.0080855107
    0.0062633111
    0.0105411784
    0.0073994267
    0.0055350160
    0.0049549608
    0.0048240040
    0.0049834152
    0.0064323713
    0.0059166115
    0.0057885728
    0.0058448663
    0.0061836048
    0.0071592834
    0.0089406644
    0.0074070721
    0.0066060860
    0.0066468123
    0.0070895776
    0.0082385123
    0.0073949674
    0.0086036635
    0.0081079946
    0.0070757160
    0.0067871335
    0.0073247416
    0.0075858166
    0.0092356860
    0.0071601174
    0.0068371615
    0.0081111228
    0.0076679512
    0.0073638894
    0.0071849057
    0.0080239320
    0.0079696246
    0.0077452387
    0.0074787384
    0.0079850865
    0.0079488193
    0.0076342426
    0.0073013443
    0.0080863192
    0.0076107926
    0.0101515627
    0.0106057742
    0.0124903626
    0.0113054520
    0.0095640260
    0.0088384414
    0.0090399623
    0.0108408779
    0.0083316383
    0.0076530595
    0.0077879469
    0.0087390856
    0.0073900714
    0.0086888737
    0.0104016628
    0.0057933265
    0.0030121564
   -0.0021033809
    0.0034740955
    0.0077579180
    0.0081404702
    0.0063758608
    0.0033594813
   -0.0015702483
   -0.0038765813
    0.0006158304
    0.0050603855
    0.0050059592
    0.0017711589
    0.0011571100
    0.0093940743
    0.0077588490
    0.0057622071
    0.0075152995
    0.0055673551
    0.0025776688
    0.0064348820
    0.0040132732
    0.0003521077
    0.0033448955
   -0.0005581173
    0.0112343718
    0.0063344254
    0.0107017688
    0.0087578784
    0.0065717290
    0.0101171854
    0.0040749128
    0.0083956710
    0.0114306930
    0.0086521120
    0.0078156939
    0.0104065551
    0.0132453054
    0.0142652241
    0.0119750906
    0.0038518720
    0.0061167186
    0.0107282257
    0.0126435581
    0.0082895627
   -0.0021703461
   -0.0033055131
    0.0019891691
   -0.0074093621
   -0.0088712301
   -0.0085784738
   -0.0063148322
   -0.0013462675
    0.0037588228
   -0.0035128872
   -0.0104490053
   -0.0112613497
   -0.0114683253
   -0.0111974864
   -0.0100242292
   -0.0072160183
   -0.0021028906
    0.0056159598
    0.0023663169
   -0.0043123390
   -0.0084029900
   -0.0116110482
   -0.0117498969
   -0.0117756356
   -0.0119300069
   -0.0119713755
   -0.0112768083
   -0.0090717937
   -0.0046359385
    0.0027401104
   -0.0033339291
   -0.0082376448
   -0.0107171303
   -0.0114674461
   -0.0110311283
   -0.0107849540
   -0.0110149632
   -0.0115887453
   -0.0120041606
   -0.0115512492
   -0.0095100290
   -0.0052699459
    0.0017583271
   -0.0069773840
   -0.0102585019
   -0.0114731476
   -0.0107395914
   -0.0099011080
   -0.0094872268
   -0.0097937876
   -0.0106800973
   -0.0116196713
   -0.0118722036
   -0.0107062453
   -0.0075841411
   -0.0022765466
   -0.0087285215
   -0.0109537827
   -0.0113593872
   -0.0101101729
   -0.0090837585
   -0.0087143827
   -0.0092674315
   -0.0104565071
   -0.0115605828
   -0.0117063686
   -0.0101988660
   -0.0067990275
   -0.0019529725
    0.0031734382
   -0.0058345153
   -0.0093826821
   -0.0110796133
   -0.0110755040
   -0.0100106959
   -0.0090763302
   -0.0089697671
   -0.0098239801
   -0.0110672750
   -0.0117332823
   -0.0109801175
   -0.0085571477
   -0.0049697435
   -0.0010205463
   -0.0065846358
   -0.0095719935
   -0.0110707681
   -0.0110043632
   -0.0104761385
   -0.0098834411
   -0.0103178673
   -0.0113252435
   -0.0115541326
   -0.0101337079
   -0.0075603386
   -0.0053948532
   -0.0058555756
   -0.0085898111
   -0.0107084759
   -0.0111929842
   -0.0111297786
   -0.0111552091
   -0.0114761669
   -0.0102918068
   -0.0098508272
   -0.0110837717
   -0.0113089147
