    0.0112396400
    0.0104767217
    0.0138584650
    0.0089303273
    0.0145742945
    0.0147877321
    0.0112396400
    0.0104767217
    0.0109717320
    0.0146522656
    0.0159668137
    0.0140840574
    0.0058962426
    0.0144946572
    0.0171311631
    0.0176027151
    0.0138227461
    0.0166909328
    0.0151517047
    0.0181744044
    0.0173378734
    0.0173378734
    0.0176027151
    0.0138227461
    0.0166909328
    0.0151517047
    0.0181744044
    0.0159668137
    0.0140840574
    0.0058962426
    0.0144946572
    0.0171311631
    0.0109717320
    0.0146522656
    0.0125344257
    0.0083406122
    0.0138250935
    0.0136770708
    0.0071983482
   -0.0137472241
    0.0138250935
    0.0136770708
    0.0071983482
   -0.0137472241
    0.0125344257
    0.0083406122
    0.0128755699
    0.0028843191
    0.0066641004
    0.0028843191
    0.0066641004
    0.0128755699
    0.0004908511
    0.0146141334
   -0.0049265730
   -0.0121733186
   -0.0087895523
   -0.0208548072
   -0.0053352484
    0.0036915849
   -0.0188939957
   -0.0212137747
   -0.0087895523
   -0.0208548072
   -0.0053352484
    0.0146141334
   -0.0049265730
   -0.0121733186
    0.0004908511
    0.0243853366
    0.0277387500
    0.0011477465
    0.0324428550
    0.0381735396
    0.0271614995
    0.0011477465
    0.0324428550
    0.0381735396
    0.0271614995
    0.0243853366
    0.0277387500
   -0.0155497452
   -0.0290962346
   -0.0346277315
   -0.0235590755
   -0.0236965406
   -0.0420733904
   -0.0443677758
   -0.0413466933
   -0.0272467563
   -0.0418522828
   -0.0476054403
   -0.0464388933
   -0.0431332452
   -0.0279621002
   -0.0236965406
   -0.0420733904
   -0.0443677758
   -0.0413466933
   -0.0272467563
   -0.0290962346
   -0.0346277315
   -0.0235590755
   -0.0155497452
    0.0089151386
    0.0067045228
    0.0115782989
    0.0115782989
    0.0089151386
    0.0067045228
    0.0126840497
    0.0069547556
    0.0115521270
    0.0128561027
    0.0133641349
    0.0115592324
    0.0078943808
    0.0126843929
    0.0141730392
    0.0138797440
    0.0115610849
    0.0112192038
    0.0125548169
    0.0122215385
    0.0143123446
    0.0133287512
    0.0133287512
    0.0138797440
    0.0115610849
    0.0112192038
    0.0125548169
    0.0122215385
    0.0143123446
    0.0133641349
    0.0115592324
    0.0078943808
    0.0126843929
    0.0141730392
    0.0126840497
    0.0069547556
    0.0115521270
    0.0128561027
    0.0066316789
    0.0003928977
    0.0111014253
    0.0098724474
    0.0052852396
   -0.0070739942
    0.0114712501
    0.0109584120
    0.0080398223
   -0.0006292091
    0.0111014253
    0.0098724474
    0.0052852396
   -0.0070739942
    0.0066316789
    0.0003928977
    0.0077070336
    0.0010301217
    0.0029495895
    0.0010301217
    0.0029495895
    0.0077070336
    0.0018782951
    0.0089369988
   -0.0020305897
   -0.0056006521
   -0.0054500560
   -0.0125340473
   -0.0030779306
   -0.0144776372
   -0.0122991467
   -0.0030779306
   -0.0144776372
   -0.0122991467
   -0.0054500560
   -0.0125340473
    0.0089369988
   -0.0020305897
   -0.0056006521
    0.0018782951
    0.0111496970
    0.0203551085
    0.0144255721
    0.0152219395
    0.0266431163
    0.0255905747
    0.0134749585
    0.0182105968
    0.0287970382
    0.0289504978
    0.0206858606
    0.0152219395
    0.0266431163
    0.0255905747
    0.0134749585
    0.0111496970
    0.0203551085
    0.0144255721
   -0.0116694355
   -0.0210878497
   -0.0256667205
   -0.0168908778
   -0.0168033712
   -0.0310823492
   -0.0340781169
   -0.0311034082
   -0.0188165042
   -0.0292996014
   -0.0370397161
   -0.0376845208
   -0.0354765962
   -0.0278184419
   -0.0025412894
   -0.0292996014
   -0.0370397161
   -0.0376845208
   -0.0354765962
   -0.0278184419
   -0.0025412894
   -0.0168033712
   -0.0310823492
   -0.0340781169
   -0.0311034082
   -0.0188165042
   -0.0210878497
   -0.0256667205
   -0.0168908778
   -0.0116694355
    0.0073046717
    0.0047134628
    0.0085852896
   -0.0036193951
    0.0102573708
    0.0098369843
    0.0006306845
    0.0081749639
    0.0104528756
    0.0104038270
    0.0102573708
    0.0085852896
   -0.0036193951
    0.0073046717
    0.0047134628
    0.0064077641
    0.0099091192
    0.0109824673
    0.0111765832
    0.0099476850
    0.0069740260
    0.0105488104
    0.0116596864
    0.0112940000
    0.0092742247
    0.0084271241
    0.0096284103
    0.0094228741
    0.0114563319
    0.0105924035
    0.0105924035
    0.0112940000
    0.0092742247
    0.0084271241
    0.0096284103
    0.0094228741
    0.0114563319
    0.0111765832
    0.0099476850
    0.0069740260
    0.0105488104
    0.0116596864
    0.0064077641
    0.0099091192
    0.0109824673
    0.0048860252
    0.0095511166
    0.0079592063
    0.0042200388
   -0.0049147388
    0.0097764175
    0.0088070179
    0.0062241205
   -0.0003656452
   -0.0162946482
    0.0095511166
    0.0079592063
    0.0042200388
   -0.0049147388
    0.0048860252
    0.0049656393
    0.0003590036
    0.0013203467
    0.0003590036
    0.0013203467
    0.0049656393
    0.0025071850
    0.0072932733
   -0.0001898811
   -0.0023558177
    0.0057453914
   -0.0055408212
   -0.0073297752
    0.0086714948
   -0.0047500016
   -0.0103692575
   -0.0063327507
    0.0086714948
   -0.0047500016
   -0.0103692575
   -0.0063327507
    0.0057453914
   -0.0055408212
   -0.0073297752
    0.0072932733
   -0.0001898811
   -0.0023558177
    0.0025071850
    0.0060377347
    0.0151172018
    0.0009439740
    0.0169548858
    0.0212795514
    0.0174149738
    0.0036764220
    0.0188428836
    0.0232875128
    0.0209210101
    0.0009439740
    0.0169548858
    0.0212795514
    0.0174149738
    0.0060377347
    0.0151172018
   -0.0087830942
   -0.0163943450
   -0.0204015983
   -0.0126972095
   -0.0104079683
   -0.0232076088
   -0.0275042889
   -0.0265231374
   -0.0201395607
   -0.0035214333
   -0.0204174023
   -0.0289599046
   -0.0309493234
   -0.0298308078
   -0.0253898575
   -0.0126497310
   -0.0204174023
   -0.0289599046
   -0.0309493234
   -0.0298308078
   -0.0253898575
   -0.0126497310
   -0.0104079683
   -0.0232076088
   -0.0275042889
   -0.0265231374
   -0.0201395607
   -0.0035214333
   -0.0163943450
   -0.0204015983
   -0.0126972095
   -0.0087830942
    0.0059833149
    0.0034753833
    0.0071322758
    0.0035267742
   -0.0030181689
    0.0091495634
    0.0080586138
    0.0086574172
    0.0027568580
    0.0092717191
    0.0086574172
    0.0027568580
    0.0092717191
    0.0091495634
    0.0080586138
    0.0071322758
    0.0035267742
   -0.0030181689
    0.0059833149
    0.0034753833
    0.0095733424
    0.0015082084
    0.0067483463
    0.0089998711
    0.0097023550
    0.0095744766
    0.0084808237
    0.0026946616
    0.0063460346
    0.0089706525
    0.0099009085
    0.0093451108
    0.0077547475
    0.0067327047
    0.0075911349
    0.0078593167
    0.0093812775
    0.0085999377
    0.0085999377
    0.0093451108
    0.0077547475
    0.0067327047
    0.0075911349
    0.0078593167
    0.0093812775
    0.0095744766
    0.0084808237
    0.0026946616
    0.0063460346
    0.0089706525
    0.0099009085
    0.0095733424
    0.0015082084
    0.0067483463
    0.0089998711
    0.0097023550
    0.0038532214
    0.0062584074
    0.0026635322
   -0.0048536248
    0.0085025786
    0.0072642941
    0.0049689401
   -0.0000204928
   -0.0107975152
    0.0085025786
    0.0072642941
    0.0049689401
   -0.0000204928
   -0.0107975152
    0.0062584074
    0.0026635322
   -0.0048536248
    0.0038532214
    0.0033856371
    0.0000893207
   -0.0050741798
    0.0005561923
    0.0034706986
    0.0000893207
   -0.0050741798
    0.0005561923
    0.0034706986
    0.0033856371
    0.0026566415
    0.0050242959
    0.0008885288
    0.0000271028
    0.0094163773
    0.0014670735
   -0.0037918547
   -0.0027567780
    0.0029847427
   -0.0044145503
   -0.0064228636
   -0.0016195193
    0.0071440045
   -0.0019000167
   -0.0067589326
   -0.0064379308
    0.0029847427
   -0.0044145503
   -0.0064228636
   -0.0016195193
    0.0094163773
    0.0014670735
   -0.0037918547
   -0.0027567780
    0.0050242959
    0.0008885288
    0.0000271028
    0.0026566415
    0.0039419919
    0.0106710922
    0.0119738807
    0.0156937606
    0.0128747304
    0.0096611914
    0.0169129588
    0.0180712787
    0.0144956315
    0.0096611914
    0.0169129588
    0.0180712787
    0.0144956315
    0.0119738807
    0.0156937606
    0.0128747304
    0.0039419919
    0.0106710922
   -0.0067189986
   -0.0122702457
   -0.0154630381
   -0.0095330946
   -0.0163917735
   -0.0209074167
   -0.0213096313
   -0.0181150438
   -0.0100007266
   -0.0139946843
   -0.0218805783
   -0.0247070234
   -0.0245808246
   -0.0219788978
   -0.0152254731
   -0.0000318306
   -0.0206646742
   -0.0249689386
   -0.0260266401
   -0.0251271269
   -0.0220868058
   -0.0149128692
   -0.0139946843
   -0.0218805783
   -0.0247070234
   -0.0245808246
   -0.0219788978
   -0.0152254731
   -0.0000318306
   -0.0163917735
   -0.0209074167
   -0.0213096313
   -0.0181150438
   -0.0100007266
   -0.0122702457
   -0.0154630381
   -0.0095330946
   -0.0067189986
