acetic acid
 &cntrl
  nmol = 4,
  iqopt = 2,
  ihfree = 1,
  qwt = 0.001,
  ioutopt = 1,
  ipol = 0,
  ipermdip = 0
 &end
  1.0
 orientation_1
    0    8
    6    0
    1    0
    1    2
    1    2
    6   -1
    8   -1
    1   -1
    8   -1

  1.0
 orientation_2
    0    8
    6    0
    1    0
    1    2
    1    2
    6   -1
    8   -1
    1   -1
    8   -1

  1.0
 orientation_3
    0    8
    6    0
    1    0
    1    2
    1    2
    6   -1
    8   -1
    1   -1
    8   -1

  1.0
 orientation_4
    0    8
    6    0
    1    0
    1    2
    1    2
    6   -1
    8   -1
    1   -1
    8   -1

   32  0.000
    1    1    1    2    1    3    1    4    1    5    1    6    1    7    1    8
    2    1    2    2    2    3    2    4    2    5    2    6    2    7    2    8
    3    1    3    2    3    3    3    4    3    5    3    6    3    7    3    8
    4    1    4    2    4    3    4    4    4    5    4    6    4    7    4    8

    2
    1    1    2    1
    2
    1    2    2    2
    2
    1    3    2    3
    2
    1    4    2    4
    2
    1    5    2    5
    2
    1    6    2    6
    2
    1    7    2    7
    2
    1    8    2    8
    2
    1    1    3    1
    2
    1    2    3    2
    2
    1    3    3    3
    2
    1    4    3    4
    2
    1    5    3    5
    2
    1    6    3    6
    2
    1    7    3    7
    2
    1    8    3    8
    2
    1    1    4    1
    2
    1    2    4    2
    2
    1    3    4    3
    2
    1    4    4    4
    2
    1    5    4    5
    2
    1    6    4    6
    2
    1    7    4    7
    2
    1    8    4    8



